# x, y
0.000000000000000000e+00 5.000000000000000000e-01 0.000000000000000000e+00 -0.000000000000000000e+00 1.732050807568877193e+00
7.953399419784545898e-02 4.874799273052925486e-01 1.366109251738332753e-01 -3.115883094088066074e-01 1.689216294739959379e+00
1.590679883956909180e-01 4.513993569417312779e-01 2.667010455700259963e-01 -5.873729773955623790e-01 1.571496294056599297e+00
2.386019676923751831e-01 3.955888178817917877e-01 3.852797710285619792e-01 -8.056469659788327853e-01 1.404554173642714510e+00
3.181359767913818359e-01 3.248958967170408885e-01 4.895508856947781151e-01 -9.621014337309007347e-01 1.215859599228175991e+00
3.976699709892272949e-01 2.439995314520023717e-01 5.786609740594234053e-01 -1.063980715003919775e+00 1.025990850761423712e+00
4.772039353847503662e-01 1.567918822230185416e-01 6.530454177042039898e-01 -1.122792343835952611e+00 8.469252790787125118e-01
5.567379593849182129e-01 6.624145644410128764e-02 7.138122720667158250e-01 -1.149760423136434007e+00 6.840475171506767982e-01
6.362719535827636719e-01 -2.549919900499603154e-02 7.623232532143595641e-01 -1.154055107311479977e+00 5.387479036970533874e-01
7.158059477806091309e-01 -1.169149351621207589e-01 7.999589832132759648e-01 -1.142562355644357819e+00 4.103634529502913630e-01
7.953399419784545898e-01 -2.069584145401158204e-01 8.280066255129652220e-01 -1.120237831358062985e+00 2.973493146778287133e-01
8.748738765716552734e-01 -2.949152020911485206e-01 8.476173483654131369e-01 -1.090574314994780414e+00 1.979019897008413853e-01
9.544078707695007324e-01 -3.803045431029751788e-01 8.597992487776779935e-01 -1.056010484156224560e+00 1.102579970575881946e-01
1.033941864967346191e+00 -4.628081903133936525e-01 8.654262400512110487e-01 -1.018243300844500210e+00 3.281935765325551257e-02
1.113475918769836426e+00 -5.422211819511778552e-01 8.652531588188419054e-01 -9.784525761973512648e-01 -3.580867387986887834e-02
1.193009853363037109e+00 -6.184169910474629495e-01 8.599320102039745839e-01 -9.374584506717962284e-01 -9.681958077206501145e-02
1.272543907165527344e+00 -6.913241436032073750e-01 8.500272372435334622e-01 -8.958299586552315175e-01 -1.512250656310772379e-01
1.352077841758728027e+00 -7.609085877888142058e-01 8.360293246133982947e-01 -8.539606744349323986e-01 -1.998784615273805632e-01
1.431611895561218262e+00 -8.271627878526356392e-01 8.183662888238789623e-01 -8.121202343290494507e-01 -2.434993262458982066e-01
1.511145830154418945e+00 -8.900965766070947360e-01 7.974136289840854097e-01 -7.704909966491627626e-01 -2.826944723302052820e-01
1.590679883956909180e+00 -9.497320533280301236e-01 7.735023013262567471e-01 -7.291928295305855068e-01 -3.179771294163320494e-01
1.670213818550109863e+00 -1.006098627616515362e+00 7.469257890470174521e-01 -6.883014109961157478e-01 -3.497821382657977929e-01
1.749747753143310547e+00 -1.059230653177578141e+00 7.179455462707003965e-01 -6.478604089681795353e-01 -3.784793305952502407e-01
1.829281806945800781e+00 -1.109164984393761877e+00 6.867958330839017966e-01 -6.078906646088317878e-01 -4.043840498676056772e-01
1.908815741539001465e+00 -1.155939228464637925e+00 6.536878432561764596e-01 -5.683968190614258065e-01 -4.277658382398523695e-01
1.988349795341491699e+00 -1.199591149611251240e+00 6.188127079651853935e-01 -5.293715436474285552e-01 -4.488559002079626215e-01
2.067883729934692383e+00 -1.240157315761965640e+00 5.823447097235719960e-01 -4.907993756213456238e-01 -4.678527284252061991e-01
2.147417783737182617e+00 -1.277673058713991505e+00 5.444432572020876382e-01 -4.526586887077814758e-01 -4.849272109777197359e-01
2.226951837539672852e+00 -1.312171639392314404e+00 5.052553029163575626e-01 -4.149238703101077452e-01 -5.002264172602129966e-01
2.306485652923583984e+00 -1.343684128574290426e+00 4.649170016184396292e-01 -3.775664861481149992e-01 -5.138769673981981034e-01
2.386019706726074219e+00 -1.372239523006136608e+00 4.235547908825026964e-01 -3.405558214401691042e-01 -5.259878774438280225e-01
2.465553760528564453e+00 -1.397864052107757882e+00 3.812874348171965688e-01 -3.038602214209660812e-01 -5.366525580829690778e-01
2.545087814331054688e+00 -1.420581483183697813e+00 3.382266985536142023e-01 -2.674471184336618679e-01 -5.459508356682231112e-01
2.624621629714965820e+00 -1.440412917768872259e+00 2.944786207351511864e-01 -2.312835859543632688e-01 -5.539504141839077800e-01
2.704155683517456055e+00 -1.457376993283261646e+00 2.501438976847648599e-01 -1.953361333268590627e-01 -5.607082215524997748e-01
2.783689737319946289e+00 -1.471489513761639056e+00 2.053194912529752170e-01 -1.595715051266927420e-01 -5.662712888814588341e-01
2.863223791122436523e+00 -1.482763692995439975e+00 1.600988532047422919e-01 -1.239563378242443392e-01 -5.706776745672041962e-01
2.942757606506347656e+00 -1.491210071886933886e+00 1.145728809205055626e-01 -8.845742298474744414e-02 -5.739570823252643228e-01
3.022291660308837891e+00 -1.496836615990444486e+00 6.883001355178706981e-02 -5.304129913577720207e-02 -5.761313968629051541e-01
3.101825714111328125e+00 -1.499648568811002391e+00 2.295766006338674503e-02 -1.767488545875106967e-02 -5.772149874145010573e-01
3.181359767913818359e+00 -1.499648565720620219e+00 -2.295776098686438949e-02 1.767496317699205136e-02 -5.772149862247337726e-01
3.260893583297729492e+00 -1.496836619362439169e+00 -6.882997692537487500e-02 5.304127085130878189e-02 -5.761313981635278747e-01
3.340427637100219727e+00 -1.491210077510438659e+00 -1.145728444323209638e-01 8.845739464728824553e-02 -5.739570845024919432e-01
3.419961690902709961e+00 -1.482763671322217647e+00 -1.600989529851990500e-01 1.239564159798252907e-01 -5.706776661284873597e-01
3.499495506286621094e+00 -1.471489523906080343e+00 -2.053194552533998407e-01 1.595714766035492838e-01 -5.662712928613422569e-01
3.579029560089111328e+00 -1.457377005701368411e+00 -2.501438620388502510e-01 1.953361046709189142e-01 -5.607082264709993824e-01
3.658563613891601562e+00 -1.440412932472267205e+00 -2.944785855188506996e-01 2.312835571389491862e-01 -5.539504200749427731e-01
3.738097667694091797e+00 -1.420581436421749499e+00 -3.382267940106922222e-01 2.674471981968981060e-01 -5.459508166773656690e-01
3.817631483078002930e+00 -1.397864071425068744e+00 -3.812874007005732091e-01 3.038601922067838412e-01 -5.366525660515550911e-01
3.897165536880493164e+00 -1.372239544656297383e+00 -4.235547574438648932e-01 3.405557919870845218e-01 -5.259878865348026622e-01
3.976699590682983398e+00 -1.343684152577330870e+00 -4.649169689497288371e-01 3.775664564303632953e-01 -5.138769776805904854e-01
4.056233406066894531e+00 -1.312171665770276663e+00 -5.052552711154535414e-01 4.149238403027333821e-01 -5.002264288146346383e-01
4.135767459869384766e+00 -1.277673087490870163e+00 -5.444432263738002709e-01 4.526586583870844116e-01 -4.849272238980033567e-01
4.215301513671875000e+00 -1.240157346963562723e+00 -5.823446799807611152e-01 4.907993449655133622e-01 -4.678527428203646532e-01
4.294835567474365234e+00 -1.199591120158992164e+00 -6.188127329378532160e-01 5.293715707860175979e-01 -4.488558862084393586e-01
4.374369621276855469e+00 -1.155939196841158534e+00 -6.536878670554716608e-01 5.683968465232001055e-01 -4.277658227101183708e-01
4.453903675079345703e+00 -1.109164878106770225e+00 -6.867959037886529616e-01 6.078907519534454407e-01 -4.043839957837466748e-01
4.533437728881835938e+00 -1.059230539902054291e+00 -7.179456124461257582e-01 6.478604973589370264e-01 -3.784792706840716114e-01
4.612971305847167969e+00 -1.006098753425828107e+00 -7.469257251130242414e-01 6.883013175265507710e-01 -3.497822076574252925e-01
4.692505359649658203e+00 -9.497320996850184827e-01 -7.735022811114898866e-01 7.291927966750795242e-01 -3.179771561752569031e-01
4.772039413452148438e+00 -8.900966255895328416e-01 -7.974136110123433152e-01 7.704909634938137408e-01 -2.826945020331914638e-01
4.851573467254638672e+00 -8.271627426692936824e-01 -8.183663023712725026e-01 8.121202635408747428e-01 -2.434992973447262232e-01
4.931107521057128906e+00 -7.609085402776267770e-01 -8.360293357338894893e-01 8.539607037392402678e-01 -1.998784293300022996e-01
5.010641574859619141e+00 -6.913239869713077024e-01 -8.500272636845550567e-01 8.958300505533136615e-01 -1.512249526364947694e-01
5.090175628662109375e+00 -6.184168271370077408e-01 -8.599320271324373266e-01 9.374585416613734346e-01 -9.681945424762873620e-02
5.169709205627441406e+00 -5.422213607949900593e-01 -8.652531522736363057e-01 9.784524831096492736e-01 -3.580882242518106801e-02
5.249243259429931641e+00 -4.628083764302464709e-01 -8.654262460499937415e-01 1.018243211350973620e+00 3.281919030524300257e-02
5.328777313232421875e+00 -3.803046731798759850e-01 -8.597992623589926220e-01 1.056010427783515393e+00 1.102578696091895127e-01
5.408311367034912109e+00 -2.949152714222491589e-01 -8.476173609466376435e-01 1.090574289057275381e+00 1.979019151537283472e-01
5.487845420837402344e+00 -2.069583522142604548e-01 -8.280066089695563569e-01 1.120237849878968683e+00 2.973493887769410038e-01
5.567379474639892578e+00 -1.169148034921875245e-01 -7.999589359226059182e-01 1.142562381142290473e+00 4.103636274131277073e-01
5.646913528442382812e+00 -2.549899722358361931e-02 -7.623231590166544835e-01 1.154055117358413929e+00 5.387482040610472867e-01
5.726447582244873047e+00 6.624172600566335944e-02 -7.138121116915818742e-01 1.149760380981983854e+00 6.840479714024499946e-01
5.805981159210205078e+00 1.567916435346102810e-01 -6.530455977474536322e-01 1.122792453866951368e+00 8.469248207941179052e-01
5.885515213012695312e+00 2.439994003933358968e-01 -5.786611004385618928e-01 1.063980836354359250e+00 1.025990562970747533e+00
5.965049266815185547e+00 3.248958355533444475e-01 -4.895509629906392157e-01 9.621015355614179754e-01 1.215859445790631765e+00
6.044583320617675781e+00 3.955888026796076096e-01 -3.852797975318457691e-01 8.056470103093491542e-01 1.404554130467449369e+00
6.124117374420166016e+00 4.513993896209683720e-01 -2.667009581378300687e-01 5.873728031432255969e-01 1.571496397010381241e+00
6.203651428222656250e+00 4.874799632129895866e-01 -1.366107305069942379e-01 3.115878764540273016e-01 1.689216416070716376e+00
6.283185482025146484e+00 4.999999999999388267e-01 3.028413936228447679e-07 -6.993822405196004824e-07 1.732050807568665141e+00
0.000000000000000000e+00 5.000000000000000000e-01 0.000000000000000000e+00 -0.000000000000000000e+00 1.732050807568877193e+00
7.953399419784545898e-02 4.874799273052925486e-01 1.366109251738332753e-01 -3.115883094088066074e-01 1.689216294739959379e+00
1.590679883956909180e-01 4.513993569417312779e-01 2.667010455700259963e-01 -5.873729773955623790e-01 1.571496294056599297e+00
2.386019676923751831e-01 3.955888178817917877e-01 3.852797710285619792e-01 -8.056469659788327853e-01 1.404554173642714510e+00
3.181359767913818359e-01 3.248958967170408885e-01 4.895508856947781151e-01 -9.621014337309007347e-01 1.215859599228175991e+00
3.976699709892272949e-01 2.439995314520023717e-01 5.786609740594234053e-01 -1.063980715003919775e+00 1.025990850761423712e+00
4.772039353847503662e-01 1.567918822230185416e-01 6.530454177042039898e-01 -1.122792343835952611e+00 8.469252790787125118e-01
5.567379593849182129e-01 6.624145644410128764e-02 7.138122720667158250e-01 -1.149760423136434007e+00 6.840475171506767982e-01
6.362719535827636719e-01 -2.549919900499603154e-02 7.623232532143595641e-01 -1.154055107311479977e+00 5.387479036970533874e-01
7.158059477806091309e-01 -1.169149351621207589e-01 7.999589832132759648e-01 -1.142562355644357819e+00 4.103634529502913630e-01
7.953399419784545898e-01 -2.069584145401158204e-01 8.280066255129652220e-01 -1.120237831358062985e+00 2.973493146778287133e-01
8.748738765716552734e-01 -2.949152020911485206e-01 8.476173483654131369e-01 -1.090574314994780414e+00 1.979019897008413853e-01
9.544078707695007324e-01 -3.803045431029751788e-01 8.597992487776779935e-01 -1.056010484156224560e+00 1.102579970575881946e-01
1.033941864967346191e+00 -4.628081903133936525e-01 8.654262400512110487e-01 -1.018243300844500210e+00 3.281935765325551257e-02
1.113475918769836426e+00 -5.422211819511778552e-01 8.652531588188419054e-01 -9.784525761973512648e-01 -3.580867387986887834e-02
1.193009853363037109e+00 -6.184169910474629495e-01 8.599320102039745839e-01 -9.374584506717962284e-01 -9.681958077206501145e-02
1.272543907165527344e+00 -6.913241436032073750e-01 8.500272372435334622e-01 -8.958299586552315175e-01 -1.512250656310772379e-01
1.352077841758728027e+00 -7.609085877888142058e-01 8.360293246133982947e-01 -8.539606744349323986e-01 -1.998784615273805632e-01
1.431611895561218262e+00 -8.271627878526356392e-01 8.183662888238789623e-01 -8.121202343290494507e-01 -2.434993262458982066e-01
1.511145830154418945e+00 -8.900965766070947360e-01 7.974136289840854097e-01 -7.704909966491627626e-01 -2.826944723302052820e-01
1.590679883956909180e+00 -9.497320533280301236e-01 7.735023013262567471e-01 -7.291928295305855068e-01 -3.179771294163320494e-01
1.670213818550109863e+00 -1.006098627616515362e+00 7.469257890470174521e-01 -6.883014109961157478e-01 -3.497821382657977929e-01
1.749747753143310547e+00 -1.059230653177578141e+00 7.179455462707003965e-01 -6.478604089681795353e-01 -3.784793305952502407e-01
1.829281806945800781e+00 -1.109164984393761877e+00 6.867958330839017966e-01 -6.078906646088317878e-01 -4.043840498676056772e-01
1.908815741539001465e+00 -1.155939228464637925e+00 6.536878432561764596e-01 -5.683968190614258065e-01 -4.277658382398523695e-01
1.988349795341491699e+00 -1.199591149611251240e+00 6.188127079651853935e-01 -5.293715436474285552e-01 -4.488559002079626215e-01
2.067883729934692383e+00 -1.240157315761965640e+00 5.823447097235719960e-01 -4.907993756213456238e-01 -4.678527284252061991e-01
2.147417783737182617e+00 -1.277673058713991505e+00 5.444432572020876382e-01 -4.526586887077814758e-01 -4.849272109777197359e-01
2.226951837539672852e+00 -1.312171639392314404e+00 5.052553029163575626e-01 -4.149238703101077452e-01 -5.002264172602129966e-01
2.306485652923583984e+00 -1.343684128574290426e+00 4.649170016184396292e-01 -3.775664861481149992e-01 -5.138769673981981034e-01
2.386019706726074219e+00 -1.372239523006136608e+00 4.235547908825026964e-01 -3.405558214401691042e-01 -5.259878774438280225e-01
2.465553760528564453e+00 -1.397864052107757882e+00 3.812874348171965688e-01 -3.038602214209660812e-01 -5.366525580829690778e-01
2.545087814331054688e+00 -1.420581483183697813e+00 3.382266985536142023e-01 -2.674471184336618679e-01 -5.459508356682231112e-01
2.624621629714965820e+00 -1.440412917768872259e+00 2.944786207351511864e-01 -2.312835859543632688e-01 -5.539504141839077800e-01
2.704155683517456055e+00 -1.457376993283261646e+00 2.501438976847648599e-01 -1.953361333268590627e-01 -5.607082215524997748e-01
2.783689737319946289e+00 -1.471489513761639056e+00 2.053194912529752170e-01 -1.595715051266927420e-01 -5.662712888814588341e-01
2.863223791122436523e+00 -1.482763692995439975e+00 1.600988532047422919e-01 -1.239563378242443392e-01 -5.706776745672041962e-01
2.942757606506347656e+00 -1.491210071886933886e+00 1.145728809205055626e-01 -8.845742298474744414e-02 -5.739570823252643228e-01
3.022291660308837891e+00 -1.496836615990444486e+00 6.883001355178706981e-02 -5.304129913577720207e-02 -5.761313968629051541e-01
3.101825714111328125e+00 -1.499648568811002391e+00 2.295766006338674503e-02 -1.767488545875106967e-02 -5.772149874145010573e-01
3.181359767913818359e+00 -1.499648565720620219e+00 -2.295776098686438949e-02 1.767496317699205136e-02 -5.772149862247337726e-01
3.260893583297729492e+00 -1.496836619362439169e+00 -6.882997692537487500e-02 5.304127085130878189e-02 -5.761313981635278747e-01
3.340427637100219727e+00 -1.491210077510438659e+00 -1.145728444323209638e-01 8.845739464728824553e-02 -5.739570845024919432e-01
3.419961690902709961e+00 -1.482763671322217647e+00 -1.600989529851990500e-01 1.239564159798252907e-01 -5.706776661284873597e-01
3.499495506286621094e+00 -1.471489523906080343e+00 -2.053194552533998407e-01 1.595714766035492838e-01 -5.662712928613422569e-01
3.579029560089111328e+00 -1.457377005701368411e+00 -2.501438620388502510e-01 1.953361046709189142e-01 -5.607082264709993824e-01
3.658563613891601562e+00 -1.440412932472267205e+00 -2.944785855188506996e-01 2.312835571389491862e-01 -5.539504200749427731e-01
3.738097667694091797e+00 -1.420581436421749499e+00 -3.382267940106922222e-01 2.674471981968981060e-01 -5.459508166773656690e-01
3.817631483078002930e+00 -1.397864071425068744e+00 -3.812874007005732091e-01 3.038601922067838412e-01 -5.366525660515550911e-01
3.897165536880493164e+00 -1.372239544656297383e+00 -4.235547574438648932e-01 3.405557919870845218e-01 -5.259878865348026622e-01
3.976699590682983398e+00 -1.343684152577330870e+00 -4.649169689497288371e-01 3.775664564303632953e-01 -5.138769776805904854e-01
4.056233406066894531e+00 -1.312171665770276663e+00 -5.052552711154535414e-01 4.149238403027333821e-01 -5.002264288146346383e-01
4.135767459869384766e+00 -1.277673087490870163e+00 -5.444432263738002709e-01 4.526586583870844116e-01 -4.849272238980033567e-01
4.215301513671875000e+00 -1.240157346963562723e+00 -5.823446799807611152e-01 4.907993449655133622e-01 -4.678527428203646532e-01
4.294835567474365234e+00 -1.199591120158992164e+00 -6.188127329378532160e-01 5.293715707860175979e-01 -4.488558862084393586e-01
4.374369621276855469e+00 -1.155939196841158534e+00 -6.536878670554716608e-01 5.683968465232001055e-01 -4.277658227101183708e-01
4.453903675079345703e+00 -1.109164878106770225e+00 -6.867959037886529616e-01 6.078907519534454407e-01 -4.043839957837466748e-01
4.533437728881835938e+00 -1.059230539902054291e+00 -7.179456124461257582e-01 6.478604973589370264e-01 -3.784792706840716114e-01
4.612971305847167969e+00 -1.006098753425828107e+00 -7.469257251130242414e-01 6.883013175265507710e-01 -3.497822076574252925e-01
4.692505359649658203e+00 -9.497320996850184827e-01 -7.735022811114898866e-01 7.291927966750795242e-01 -3.179771561752569031e-01
4.772039413452148438e+00 -8.900966255895328416e-01 -7.974136110123433152e-01 7.704909634938137408e-01 -2.826945020331914638e-01
4.851573467254638672e+00 -8.271627426692936824e-01 -8.183663023712725026e-01 8.121202635408747428e-01 -2.434992973447262232e-01
4.931107521057128906e+00 -7.609085402776267770e-01 -8.360293357338894893e-01 8.539607037392402678e-01 -1.998784293300022996e-01
5.010641574859619141e+00 -6.913239869713077024e-01 -8.500272636845550567e-01 8.958300505533136615e-01 -1.512249526364947694e-01
5.090175628662109375e+00 -6.184168271370077408e-01 -8.599320271324373266e-01 9.374585416613734346e-01 -9.681945424762873620e-02
5.169709205627441406e+00 -5.422213607949900593e-01 -8.652531522736363057e-01 9.784524831096492736e-01 -3.580882242518106801e-02
5.249243259429931641e+00 -4.628083764302464709e-01 -8.654262460499937415e-01 1.018243211350973620e+00 3.281919030524300257e-02
5.328777313232421875e+00 -3.803046731798759850e-01 -8.597992623589926220e-01 1.056010427783515393e+00 1.102578696091895127e-01
5.408311367034912109e+00 -2.949152714222491589e-01 -8.476173609466376435e-01 1.090574289057275381e+00 1.979019151537283472e-01
5.487845420837402344e+00 -2.069583522142604548e-01 -8.280066089695563569e-01 1.120237849878968683e+00 2.973493887769410038e-01
5.567379474639892578e+00 -1.169148034921875245e-01 -7.999589359226059182e-01 1.142562381142290473e+00 4.103636274131277073e-01
5.646913528442382812e+00 -2.549899722358361931e-02 -7.623231590166544835e-01 1.154055117358413929e+00 5.387482040610472867e-01
5.726447582244873047e+00 6.624172600566335944e-02 -7.138121116915818742e-01 1.149760380981983854e+00 6.840479714024499946e-01
5.805981159210205078e+00 1.567916435346102810e-01 -6.530455977474536322e-01 1.122792453866951368e+00 8.469248207941179052e-01
5.885515213012695312e+00 2.439994003933358968e-01 -5.786611004385618928e-01 1.063980836354359250e+00 1.025990562970747533e+00
5.965049266815185547e+00 3.248958355533444475e-01 -4.895509629906392157e-01 9.621015355614179754e-01 1.215859445790631765e+00
6.044583320617675781e+00 3.955888026796076096e-01 -3.852797975318457691e-01 8.056470103093491542e-01 1.404554130467449369e+00
6.124117374420166016e+00 4.513993896209683720e-01 -2.667009581378300687e-01 5.873728031432255969e-01 1.571496397010381241e+00
6.203651428222656250e+00 4.874799632129895866e-01 -1.366107305069942379e-01 3.115878764540273016e-01 1.689216416070716376e+00
6.283185482025146484e+00 4.999999999999388267e-01 3.028413936228447679e-07 -6.993822405196004824e-07 1.732050807568665141e+00
0.000000000000000000e+00 5.000000000000000000e-01 0.000000000000000000e+00 -0.000000000000000000e+00 1.732050807568877193e+00
0.000000000000000000e+00 5.000000000000000000e-01 0.000000000000000000e+00 -0.000000000000000000e+00 1.732050807568877193e+00
0.000000000000000000e+00 5.000000000000000000e-01 0.000000000000000000e+00 -0.000000000000000000e+00 1.732050807568877193e+00
6.283185482025146484e+00 4.999999999999388267e-01 3.028413936228447679e-07 -6.993822405196004824e-07 1.732050807568665141e+00
0.000000000000000000e+00 5.000000000000000000e-01 0.000000000000000000e+00 -0.000000000000000000e+00 1.732050807568877193e+00
6.283185482025146484e+00 4.999999999999388267e-01 3.028413936228447679e-07 -6.993822405196004824e-07 1.732050807568665141e+00
0.000000000000000000e+00 5.000000000000000000e-01 0.000000000000000000e+00 -0.000000000000000000e+00 1.732050807568877193e+00
6.283185482025146484e+00 4.999999999999388267e-01 3.028413936228447679e-07 -6.993822405196004824e-07 1.732050807568665141e+00
3.141592741012573242e+00 -1.499999999999998224e+00 -5.047356566130095199e-08 3.885456896201649933e-08 -5.773502691896251759e-01
1.570796370506286621e+00 -9.351308913604771123e-01 7.797408739689599688e-01 -7.394815696869931898e-01 -3.094982756175436722e-01
4.712388992309570312e+00 -9.351308502184798588e-01 -7.797408911882889315e-01 7.394815985109415291e-01 -3.094982515832490066e-01
7.853981852531433105e-01 -1.958050213453638166e-01 8.249842793780854944e-01 -1.123489763931165841e+00 3.106967792907935899e-01
3.926990747451782227e+00 -1.361876113441738756e+00 -4.391778384765360199e-01 3.543961138997192561e-01 -5.216204891957419987e-01
2.356194496154785156e+00 -1.361876090911706694e+00 4.391778716375252523e-01 -3.543961434490698337e-01 -5.216204796666663590e-01
5.497786998748779297e+00 -1.958051597342057581e-01 -8.249843176489786156e-01 1.123489724365532183e+00 3.106966125891702513e-01
3.926990926265716553e-01 2.492761388092178398e-01 5.735319963684347710e-01 -1.058999073310778583e+00 1.037626594955187498e+00
3.534291744232177734e+00 -1.465665248514222530e+00 -2.249843791443613683e-01 1.751981845254237669e-01 -5.639818163456616906e-01
1.963495373725891113e+00 -1.186283079023914500e+00 6.298901900999027692e-01 -5.415174203401158515e-01 -4.424988455334882831e-01
5.105088233947753906e+00 -6.043790692854869029e-01 -8.612948144632717185e-01 9.452076391366874830e-01 -8.591125709618474549e-02
1.178097248077392578e+00 -6.043792345508374186e-01 8.612947994420585562e-01 -9.452075484210625822e-01 -8.591138637413298085e-02
4.319689750671386719e+00 -1.186283178003710415e+00 -6.298901092189379547e-01 5.415173308536934682e-01 -4.424988930488028549e-01
2.748893499374389648e+00 -1.465665237376343910e+00 2.249844149983882269e-01 -1.751982131033843759e-01 -5.639818119588515533e-01
5.890486240386962891e+00 2.492761661673449369e-01 -5.735319695624421232e-01 1.058999046979180569e+00 1.037626655538654630e+00
1.963495463132858276e-01 4.274069041130643676e-01 3.239403118671186355e-01 -6.974761518605456789e-01 1.497600425896560727e+00
3.337942123413085938e+00 -1.491428562747058262e+00 -1.131461609025098958e-01 8.734952559903118308e-02 -5.740416682977607099e-01
1.767145872116088867e+00 -1.070425759794692233e+00 7.113092431720439146e-01 -6.390763576151685665e-01 -3.843746095936270701e-01
4.908738613128662109e+00 -7.798789487064486936e-01 -8.314149568977152738e-01 8.421809402565485492e-01 -2.126273236583798576e-01
9.817476868629455566e-01 -4.090029962160656729e-01 8.624324083525386486e-01 -1.043320694848902219e+00 8.256217208811167385e-02
4.123340129852294922e+00 -1.283261617328856019e+00 -5.384012714644518249e-01 4.467364721687390738e-01 -4.874313317819362057e-01
2.552544116973876953e+00 -1.422562971214155425e+00 3.341529187488596064e-01 -2.640467007764829566e-01 -5.467550075271004895e-01
5.694136619567871094e+00 2.901727988629698718e-02 -7.349187289668683842e-01 1.153801523837673315e+00 6.229065741670473111e-01
5.890486240386962891e-01 2.901735323694309976e-02 7.349186893668131493e-01 -1.153801519201097525e+00 6.229066915971516183e-01
3.730641365051269531e+00 -1.422562925046755300e+00 -3.341530143465434310e-01 2.640467804886224568e-01 -5.467549888031151273e-01
2.159844875335693359e+00 -1.283261482418173172e+00 5.384014186646096656e-01 -4.467366159618135213e-01 -4.874312714525476098e-01
5.301437377929687500e+00 -4.090032491033767093e-01 -8.624324283645028455e-01 1.043320580848617896e+00 8.256193170476122667e-02
1.374446749687194824e+00 -7.798789955622540404e-01 8.314149450679232389e-01 -8.421809109651690051e-01 -2.126273548853927498e-01
4.516039371490478516e+00 -1.070425800422704743e+00 -7.113092187361890195e-01 6.390763255595489634e-01 -3.843746308949247958e-01
2.945243120193481445e+00 -1.491428557193984261e+00 1.131461973960720679e-01 -8.734955393443298577e-02 -5.740416661481153593e-01
6.086835861206054688e+00 4.274069740976357279e-01 -3.239401615982500093e-01 6.974758738254380752e-01 1.497600636624909498e+00
9.817477315664291382e-02 4.810255891157546593e-01 1.679035292215886599e-01 -3.805361420601350853e-01 1.667545470939900243e+00
3.239767313003540039e+00 -1.497857908739750776e+00 -5.665417437531403144e-02 4.364356660259991610e-02 -5.765251887466013025e-01
1.668971061706542969e+00 -1.005242841412639088e+00 7.473601898689560263e-01 -6.889369759606167598e-01 -3.493099579095920726e-01
4.810563564300537109e+00 -8.600266238178322364e-01 -8.079514976821008387e-01 7.906199192351629490e-01 -2.642276990592570818e-01
8.835729360580444336e-01 -3.043866526854717702e-01 8.492947449291702311e-01 -1.086996623204713464e+00 1.877714267522013480e-01
4.025165557861328125e+00 -1.324834955854616414e+00 -4.896278910562943953e-01 4.002878739775113104e-01 -5.057485034437372295e-01
2.454369306564331055e+00 -1.394436788760978541e+00 3.872817103649636161e-01 -3.090027056035943853e-01 -5.352371032279258367e-01
5.595962047576904297e+00 -8.417387400802239794e-02 -7.876017234026839731e-01 1.148162015499695210e+00 4.546419993093480105e-01
4.908738434314727783e-01 1.413971551025955398e-01 6.644225064442975670e-01 -1.129408831703805793e+00 8.177021449942007969e-01
3.632466554641723633e+00 -1.446294503646808671e+00 -2.799911324950845048e-01 2.194661199233919058e-01 -5.563022152777724605e-01
2.061670064926147461e+00 -1.237098341059959639e+00 5.852474064060356751e-01 -4.937970149807680564e-01 -4.664398636097873974e-01
5.203262805938720703e+00 -5.091053214762326640e-01 -8.659895033085625027e-01 9.954267056208254694e-01 -7.849702674867772845e-03
1.276272058486938477e+00 -6.946602802803152343e-01 8.494589639652357915e-01 -8.938702101962280322e-01 -1.536281030328938424e-01
4.417864799499511719e+00 -1.130748755019670870e+00 -6.720245576099518336e-01 5.899363190769522092e-01 -4.152767870441188003e-01
2.847068309783935547e+00 -1.480702772483820429e+00 1.693120020314889118e-01 -1.311802449439902485e-01 -5.698746767864316665e-01
5.988660812377929688e+00 3.471467237892654767e-01 -4.601704263420623997e-01 9.218155510472088032e-01 1.272756210479218053e+00
2.945243120193481445e-01 3.471468922808096380e-01 4.601701937047038560e-01 -9.218152197518877378e-01 1.272756649637139414e+00
3.436116933822631836e+00 -1.480702780823343723e+00 -1.693119658028351682e-01 1.311802165075848237e-01 -5.698746800380121158e-01
1.865320682525634766e+00 -1.130748858167409443e+00 6.720244850006448223e-01 -5.899362322063989028e-01 -4.152768386728640237e-01
5.006913185119628906e+00 -6.946603371063421184e-01 -8.494589541986321546e-01 8.938701767741551452e-01 -1.536281439027676610e-01
1.079922437667846680e+00 -5.091052581939505828e-01 8.659895038075900997e-01 -9.954267375481363755e-01 -7.849648366423574511e-03
4.221515178680419922e+00 -1.237098372452125616e+00 -5.852473767530448345e-01 4.937969842979077484e-01 -4.664398781252572235e-01
2.650718688964843750e+00 -1.446294489694683882e+00 2.799911678608955623e-01 -2.194661486835383091e-01 -5.563022097100361885e-01
5.792311668395996094e+00 1.413973862337114529e-01 -6.644223391032411108e-01 1.129408739391240646e+00 8.177025787687565161e-01
6.872233748435974121e-01 -8.417400632326266230e-02 7.876017757960335208e-01 -1.148161995980327310e+00 4.546418166698254493e-01
3.828815937042236328e+00 -1.394436808405212558e+00 -3.872816763383246652e-01 3.090026763573942015e-01 -5.352371113505727251e-01
2.258019685745239258e+00 -1.324834930407106981e+00 4.896279232082532129e-01 -4.002879038688500479e-01 -5.057484923965999135e-01
5.399612426757812500e+00 -3.043865922090332465e-01 -8.492947344822664446e-01 1.086996646266065181e+00 1.877714910976203688e-01
1.472621560096740723e+00 -8.600264793064893443e-01 8.079515459782414810e-01 -7.906200149072698524e-01 -2.642276091801432636e-01
4.614214420318603516e+00 -1.005242720955059621e+00 -7.473602509442456299e-01 6.889370653870895422e-01 -3.493098914243710218e-01
3.043417930603027344e+00 -1.497857905965196412e+00 5.665421102676097137e-02 -4.364359487744987748e-02 -5.765251876771482209e-01
6.185010433197021484e+00 4.810255507478286008e-01 -1.679036973533924448e-01 3.805365087851166894e-01 1.667545342933296482e+00
4.908738657832145691e-02 4.952000906874151065e-01 8.475013051211550963e-02 -1.947870823296578568e-01 1.715502862601788747e+00
3.190680027008056641e+00 -1.499464524020150513e+00 -2.833723555466258204e-02 2.181790842272934502e-02 -5.771441275942610361e-01
1.619883656501770020e+00 -9.708071211426078095e-01 7.640389329157627474e-01 -7.141279136127437477e-01 -3.300386531212227137e-01
4.761476516723632812e+00 -8.982061576607376363e-01 -7.944015936544965850e-01 7.649850659852638346e-01 -2.875954991408835038e-01
8.344855308532714844e-01 -2.505448032500315336e-01 8.386471717062102815e-01 -1.106382811661270393e+00 2.468197752955902657e-01
3.976078271865844727e+00 -1.343918651495458416e+00 -4.645976563044258434e-01 3.772760262199192915e-01 -5.139774237482196417e-01
2.405281782150268555e+00 -1.378713446225001027e+00 4.133969152854633511e-01 -3.316409566714036972e-01 -5.287001858943226607e-01
5.546874523162841797e+00 -1.402941015922345991e-01 -8.080586302911421104e-01 1.137681022608634462e+00 3.798275511810254024e-01
4.417864680290222168e-01 1.961952795886988676e-01 6.216784534699670850e-01 -1.101165586659474505e+00 9.248667207285821146e-01
3.583379030227661133e+00 -1.456523133070429132e+00 -2.525819113195712506e-01 1.972969301157986577e-01 -5.603699313430952067e-01
2.012582778930664062e+00 -1.212276347948267885e+00 6.078624870109262668e-01 -5.175719955992146293e-01 -4.548573468958108101e-01
5.154175281524658203e+00 -5.573590082125574607e-01 -8.645995941085409253e-01 9.705195960592104543e-01 -4.828944102576665509e-02
1.227184653282165527e+00 -6.501499532971624085e-01 8.562074769841973021e-01 -9.196225901564871741e-01 -1.209531211839329212e-01
4.368777275085449219e+00 -1.159110152517616399e+00 -6.512912982192786693e-01 5.656376528693205508e-01 -4.293211662796733163e-01
2.797981023788452148e+00 -1.473724189118641670e+00 1.972204417496643547e-01 -1.531618507869934864e-01 -5.671473414661746260e-01
5.939573764801025391e+00 2.998895579473908057e-01 -5.197427453221890037e-01 1.000153330581442068e+00 1.154434880542399622e+00
2.454369217157363892e-01 3.900279094260307167e-01 3.948262153556257315e-01 -8.214729853281865779e-01 1.388839928833746296e+00
3.387029647827148438e+00 -1.486603526493176952e+00 -1.412802574085293694e-01 1.092454273524148117e-01 -5.721708354169497968e-01
1.816233277320861816e+00 -1.101190349161191850e+00 6.920459688897718786e-01 -6.144155141263681896e-01 -4.003137371715391746e-01
4.957826137542724609e+00 -7.379038772137979096e-01 -8.411606914882444608e-01 8.680343362505802407e-01 -1.841283742557095759e-01
1.030835032463073730e+00 -4.596423175153746543e-01 8.653198501700700707e-01 -1.019762931154189145e+00 3.567056901880528291e-02
4.172427654266357422e+00 -1.260757503431876536e+00 -5.620818585660579680e-01 4.701870583654127467e-01 -4.772859066923763605e-01
2.601631402969360352e+00 -1.434975799012007780e+00 3.071891785958502097e-01 -2.417134138062152493e-01 -5.517679526629306608e-01
5.743224143981933594e+00 8.550259978260743576e-02 -7.020612717105650935e-01 1.146231203104113971e+00 7.169474122973172880e-01
6.381360292434692383e-01 -2.765034254691400850e-02 7.633245383373734594e-01 -1.153943714510954344e+00 5.355503041897006211e-01
3.779728651046752930e+00 -1.409051541563897114e+00 -3.608586580438751801e-01 2.864739113546740379e-01 -5.412497627460467475e-01
2.208932399749755859e+00 -1.304618254517917686e+00 5.142393395807097756e-01 -4.234390483004986661e-01 -4.969088735258092582e-01
5.350524902343750000e+00 -3.572316498476142410e-01 -8.571539527098234190e-01 1.065840258267347629e+00 1.331454997533589590e-01
1.423534154891967773e+00 -8.205855585269852259e-01 8.203162041237241908e-01 -8.163625418268530831e-01 -2.392803288382298610e-01
4.565126895904541016e+00 -1.038446154591567527e+00 -7.297648963564671298e-01 6.639178988995920738e-01 -3.673964465252710920e-01
2.994330406188964844e+00 -1.495179560850297573e+00 8.493074384083043604e-02 -6.548493914676445371e-02 -5.754918952363106133e-01
6.135923385620117188e+00 4.581131074359866551e-01 -2.480210777726727100e-01 5.497527113115336928e-01 1.592783816862220370e+00
1.472621560096740723e-01 4.581129785462617621e-01 2.480214512011167660e-01 -5.497534710278547676e-01 1.592783405553689136e+00
3.288854837417602539e+00 -1.495179565013371903e+00 -8.493070725507277652e-02 6.548491084668929541e-02 -5.754918968438405003e-01
1.718058466911315918e+00 -1.038446191529482920e+00 7.297648759158983367e-01 -6.639178706424578857e-01 -3.673964663828861443e-01
4.859651088714599609e+00 -8.205856104256153971e-01 -8.203161889119503503e-01 8.163625084308927526e-01 -2.392803622232266003e-01
9.326603412628173828e-01 -3.572315820889301885e-01 8.571539442453599555e-01 -1.065840286627888656e+00 1.331455678026256806e-01
4.074253082275390625e+00 -1.304618180481472933e+00 -5.142394264630170131e-01 4.234391310197854752e-01 -4.969088409204735490e-01
2.503456592559814453e+00 -1.409051523351884772e+00 3.608586924527564244e-01 -2.864739404642216991e-01 -5.412497552910796594e-01
5.645049095153808594e+00 -2.765055346740841191e-02 -7.633246362264654028e-01 1.153943703169876045e+00 5.355499911053067663e-01
5.399612188339233398e-01 8.550253601057777875e-02 7.020613115988421082e-01 -1.146231216550966936e+00 7.169473018852514645e-01
3.681553840637207031e+00 -1.434975814378458558e+00 -3.071891435182953489e-01 2.417133849397353762e-01 -5.517679588424561077e-01
2.110757589340209961e+00 -1.260757473540664808e+00 5.620818889085633652e-01 -4.701870888380190738e-01 -4.772858931068137411e-01
5.252350330352783203e+00 -4.596422607795673243e-01 -8.653198481854912361e-01 1.019762958339704317e+00 3.567062019809520701e-02
1.325359344482421875e+00 -7.379040289857394797e-01 8.411606592942064697e-01 -8.680342441589623537e-01 -1.841284792339347443e-01
4.466951847076416016e+00 -1.101190461465470172e+00 -6.920458957194972616e-01 6.144154226371038030e-01 -4.003137946682019388e-01
2.896155834197998047e+00 -1.486603545594248121e+00 1.412801573669985322e-01 -1.092453492962817685e-01 -5.721708428350584796e-01
6.037748336791992188e+00 3.900278694434119453e-01 -3.948262829530421181e-01 8.214730963804386388e-01 1.388839816415261774e+00
3.436116874217987061e-01 2.998894128818994087e-01 5.197429127651358449e-01 -1.000153531900545456e+00 1.154434531633333094e+00
3.485204458236694336e+00 -1.473724162338965193e+00 -1.972205409128583165e-01 1.531619291766486424e-01 -5.671473309757133485e-01
1.914407968521118164e+00 -1.159110116558321746e+00 6.512913255125210021e-01 -5.656376842222810009e-01 -4.293211486627876439e-01
5.056000709533691406e+00 -6.501499021327908912e-01 -8.562074837135768002e-01 9.196226192673635502e-01 -1.209530828466985897e-01
1.129009842872619629e+00 -5.573588308187370499e-01 8.645996029349831691e-01 -9.705196896490942970e-01 -4.828929584503437872e-02
4.270602703094482422e+00 -1.212276257453094974e+00 -6.078625665407100254e-01 5.175720805846341088e-01 -4.548573042822154355e-01
2.699806213378906250e+00 -1.456523120527666526e+00 2.525819469439797293e-01 -1.972969587797706315e-01 -5.603699263723527224e-01
5.841398715972900391e+00 1.961951439496893990e-01 -6.216785673928717504e-01 1.101165673890833752e+00 9.248664443209126951e-01
7.363107800483703613e-01 -1.402940970774902985e-01 8.080586287838441573e-01 -1.137681023617833631e+00 3.798275569937578644e-01
3.877903461456298828e+00 -1.378713467308417151e+00 -4.133968816743959773e-01 3.316409272785654228e-01 -5.287001947075449237e-01
2.307107210159301758e+00 -1.343918717460489187e+00 4.645975664377527958e-01 -3.772759444928239225e-01 -5.139774520015757409e-01
5.448699951171875000e+00 -2.505446098039038061e-01 -8.386471285508493301e-01 1.106382876990901654e+00 2.468199939731660353e-01
1.521708965301513672e+00 -8.982062914149716581e-01 7.944015433696933748e-01 -7.649849748972823438e-01 -2.875955797019320581e-01
4.663301467895507812e+00 -9.708072516725474443e-01 -7.640388725905292722e-01 7.141278195017066732e-01 -3.300387271879317574e-01
3.092505216598510742e+00 -1.499464522633119357e+00 2.833727224545705414e-02 -2.181793668244761536e-02 -5.771441270602017948e-01
6.234097957611083984e+00 4.952000978964470335e-01 -8.475006702166475170e-02 1.947869378026841347e-01 1.715502887336588511e+00
2.454369328916072845e-02 4.987964219488494333e-01 4.247682458272950684e-02 -9.797810013781826921e-02 1.727886502963563498e+00
3.166136264801025391e+00 -1.499866134815287300e+00 -1.416983899531493001e-02 1.090843389759785231e-02 -5.772987421567812305e-01
1.595340013504028320e+00 -9.531245756833433003e-01 7.720159254729416221e-01 -7.267851079537124281e-01 -3.199327074626920342e-01
4.736932754516601562e+00 -9.168249939920575242e-01 -7.872056232571263967e-01 7.522156211143232740e-01 -2.987233536782962218e-01
8.099418282508850098e-01 -2.232799268608795518e-01 8.322076068153966277e-01 -1.115257662617252121e+00 2.781284796975562190e-01
3.951534509658813477e+00 -1.353037771299749892e+00 -4.519346419029708350e-01 3.658200249342352106e-01 -5.178707325677586182e-01
2.380738258361816406e+00 -1.370434432284664439e+00 4.263307686761012572e-01 -3.430033883241224157e-01 -5.252294371951345964e-01
5.522330760955810547e+00 -1.681368086941936180e-01 -8.169456020398446761e-01 1.130995397482297493e+00 3.445783975917175446e-01
4.172427654266357422e-01 2.229941008950249159e-01 5.982972902773718848e-01 -1.081990621465935387e+00 9.806239087857345771e-01
3.558835506439208984e+00 -1.461229763518441249e+00 -2.388053732534327622e-01 1.862393093982419867e-01 -5.622322214481513258e-01
1.988039135932922363e+00 -1.199426671822299451e+00 6.189521371299124830e-01 -5.295230823902494777e-01 -4.487777143237673405e-01
5.129631519317626953e+00 -5.810245951035254430e-01 -8.631780009020343369e-01 9.579051633545171418e-01 -6.743731703710167946e-02
1.202640891075134277e+00 -6.274215391484289084e-01 8.589661306016576070e-01 -9.324420526947347909e-01 -1.037408786751535250e-01
4.344233512878417969e+00 -1.172844665671604947e+00 -6.406715554072536234e-01 5.535553932141006328e-01 -4.360152916900183473e-01
2.773437261581420898e+00 -1.469829926054266211e+00 2.111218508283365103e-01 -1.641727108184913020e-01 -5.656198329372151834e-01
5.915030002593994141e+00 2.749435712593082393e-01 -5.473544062332029725e-01 1.031838881432484811e+00 1.095656989286415639e+00
2.208932340145111084e-01 4.094782219168414672e-01 3.600514170146194015e-01 -7.624819117354479925e-01 1.444503466502297551e+00
3.362485885620117188e+00 -1.489150395572840457e+00 -1.272246878698074235e-01 9.829309076985785765e-02 -5.731590969783518785e-01
1.791689515113830566e+00 -1.085959334332883719e+00 7.017754226824438613e-01 -6.267232803193275581e-01 -3.924699529335854420e-01
4.933282375335693359e+00 -7.590500545057384807e-01 -8.364626721769659046e-01 8.551062389878856251e-01 -1.986179346546596280e-01
1.006291389465332031e+00 -4.344672691492123540e-01 8.641638131109335985e-01 -1.031653971261990987e+00 5.867559570662628232e-02
4.147883892059326172e+00 -1.272153450973839917e+00 -5.503038125543856518e-01 4.584422326300005013e-01 -4.824440753294199080e-01
2.577087640762329102e+00 -1.428906389024309886e+00 3.207018714045227759e-01 -2.528688693894357020e-01 -5.493221180760965439e-01
5.718680381774902344e+00 5.730615809366501612e-02 -7.190670237280798460e-01 1.151050978816732684e+00 6.690834556510919517e-01
6.135923266410827637e-01 6.841861433480866950e-04 7.496575947120657224e-01 -1.154700057471519603e+00 5.784041233553380845e-01
3.755184888839721680e+00 -1.415944875994691987e+00 -3.475395489786753944e-01 2.752480731837327332e-01 -5.440648330548445433e-01
2.184388637542724609e+00 -1.294082820099526021e+00 5.263785293086030714e-01 -4.350691159271165009e-01 -4.922516182898842296e-01
5.325981140136718750e+00 -3.832556702111402647e-01 -8.601035234764546900e-01 1.054728805365875433e+00 1.073710351113460193e-01
1.398990511894226074e+00 -8.003907512619679032e-01 8.260290838809507541e-01 -8.292645302551326925e-01 -2.261755064977925833e-01
4.540583133697509766e+00 -1.054588404310889960e+00 -7.206412258210916910e-01 6.514746642000571741e-01 -3.760195935807243428e-01
2.969786882400512695e+00 -1.493438226458708940e+00 9.904730010419990349e-02 -7.641378381850402746e-02 -5.748191050674199554e-01
6.111379623413085938e+00 4.436667398038146581e-01 -2.865655477216854652e-01 6.265018904615765605e-01 1.547313523432487736e+00
1.227184608578681946e-01 4.706082268543713143e-01 2.084220537082385472e-01 -4.675869069588246552e-01 1.633141829003404322e+00
3.264311075210571289e+00 -1.496652753069776409e+00 -7.079878070155205816e-02 5.456180407218051004e-02 -5.760604741579997690e-01
1.693514823913574219e+00 -1.021998072885966113e+00 7.386734792365996505e-01 -6.764054844696489877e-01 -3.584963816633399691e-01
4.835107326507568359e+00 -8.404640761400328230e-01 -8.142869025371741731e-01 8.034795614599224978e-01 -2.519590383968162151e-01
9.081166386604309082e-01 -3.309389828241276477e-01 8.535594761664793140e-01 -1.076612160114588157e+00 1.599301091269696162e-01
4.049709320068359375e+00 -1.314868622007493215e+00 -5.019878949244761523e-01 4.118456456527417875e-01 -5.014066531474731248e-01
2.478913068771362305e+00 -1.401882425050291703e+00 3.741070281871936021e-01 -2.977250788179178209e-01 -5.383078822063105395e-01
5.620505809783935547e+00 -5.594757082571849560e-02 -7.759594577736098620e-01 1.151710790841319998e+00 4.943105943769522947e-01
5.154175162315368652e-01 1.135528060443595777e-01 6.838601579609089320e-01 -1.139103885118969206e+00 7.664948494455858796e-01
3.657010316848754883e+00 -1.440771637755744239e+00 -2.936180243033131854e-01 2.305795434014915046e-01 -5.540941207377330091e-01
2.086213827133178711e+00 -1.249072775656509426e+00 5.737311936592688344e-01 -4.819717572192092070e-01 -4.719526225324741087e-01
5.227806568145751953e+00 -4.845231433157969891e-01 -8.659216767008331983e-01 1.007678070823692762e+00 1.350788082708482413e-02
1.300815701484680176e+00 -7.164406902495458196e-01 8.454969371341477524e-01 -8.809581711811010907e-01 -1.691388693533158183e-01
4.442408561706542969e+00 -1.116119665425289842e+00 -6.821271277461200544e-01 6.021533128328765416e-01 -4.079135133466679775e-01
2.871612071990966797e+00 -1.483787749254696475e+00 1.553101680904494519e-01 -1.202074341612331815e-01 -5.710762657292196565e-01
6.013204574584960938e+00 3.692027706631424433e-01 -4.282112885056130747e-01 8.745260291581579137e-01 1.331364564583418453e+00
3.190680146217346191e-01 3.239984872220017520e-01 4.906830645048690376e-01 -9.635905950816795462e-01 1.213610041926727501e+00
3.460660696029663086e+00 -1.477348349062017618e+00 -1.832829873155483458e-01 1.421647313762900711e-01 -5.685653134280644894e-01
1.889864325523376465e+00 -1.145078580782800337e+00 6.617440732348389698e-01 -5.777644892556729195e-01 -4.224104663308609342e-01
5.031456947326660156e+00 -6.725631457270666580e-01 -8.530336866458347878e-01 9.067616369750626237e-01 -1.375739694844018424e-01
1.104466199874877930e+00 -5.333849519692185348e-01 8.655426527540451831e-01 -9.830333072519277238e-01 -2.843752382594029113e-02
4.246058940887451172e+00 -1.224833196861049300e+00 -5.966260365975855073e-01 5.056635440759731370e-01 -4.607430375636060171e-01
2.675262451171875000e+00 -1.451544832939379193e+00 2.663115152969858235e-01 -2.083722711294758168e-01 -5.583936852110470417e-01
5.816854953765869141e+00 1.689689740022580766e-01 -6.437083065075162036e-01 1.116864015286577194e+00 8.705193410428434531e-01
7.117670774459838867e-01 -1.122984880115451833e-01 7.982892039864997180e-01 -1.143442086536218261e+00 4.164977651027043093e-01
3.853359699249267578e+00 -1.386714043837822263e+00 -4.003793867640820792e-01 3.203076483722636092e-01 -5.320353011724389125e-01
2.282563447952270508e+00 -1.334518023020921706e+00 4.771632340614053169e-01 -3.887649602441231034e-01 -5.099377050930472555e-01
5.424156188964843750e+00 -2.775846184936267003e-01 -8.443331975896901653e-01 1.096940182408296049e+00 2.167180887739184325e-01
1.497165203094482422e+00 -8.792736367681296406e-01 8.013199307015317352e-01 -7.777874230993768734e-01 -2.761015793652673023e-01
4.638757705688476562e+00 -9.881797221821930766e-01 -7.558177155489196331e-01 7.015113219357780316e-01 -3.398275753581209147e-01
3.067961692810058594e+00 -1.498795137495584129e+00 4.249947042473567471e-02 -3.272925233649617849e-02 -5.768863310682359469e-01
6.209554195404052734e+00 4.892535447266250781e-01 -1.266217524138541495e-01 2.893113399903172733e-01 1.695219797303859632e+00
7.363107800483703613e-02 4.892535544968685812e-01 1.266216951650994682e-01 -2.893112119822555117e-01 1.695219830433106534e+00
3.215223789215087891e+00 -1.498795131773012823e+00 -4.249957129074916767e-02 3.272933007684368512e-02 -5.768863288638470532e-01
1.644427418708801270e+00 -9.881795939583251087e-01 7.558177776633819844e-01 -7.015114157383725013e-01 -3.398275036123963866e-01
4.786020278930664062e+00 -8.792735007754441945e-01 -8.013199789766596304e-01 7.777875144129786644e-01 -2.761014961472407769e-01
8.590292334556579590e-01 -2.775847449060148686e-01 8.443332225644730737e-01 -1.096940136846452862e+00 2.167179501878224168e-01
4.000621795654296875e+00 -1.334518047735882673e+00 -4.771632016431257006e-01 3.887649304418359653e-01 -5.099377157489954904e-01
2.429825544357299805e+00 -1.386714023474897139e+00 4.003794205871719636e-01 -3.203076776905404710e-01 -5.320352927075111538e-01
5.571418285369873047e+00 -1.122984243946908989e-01 -7.982891808141148182e-01 1.143442098461961764e+00 4.164978498785121275e-01
4.663301706314086914e-01 1.689691781452317132e-01 6.437081473919449293e-01 -1.116863910509341196e+00 8.705197402044559940e-01
3.607922792434692383e+00 -1.451544846186232585e+00 -2.663114797982132909e-01 2.083722424186870981e-01 -5.583936904785474775e-01
2.037126541137695312e+00 -1.224833285274067318e+00 5.966259560387074945e-01 -5.056634593918932774e-01 -4.607430788138937583e-01
5.178719043731689453e+00 -5.333850144636130830e-01 -8.655426509461843221e-01 9.830332749859541641e-01 -2.843757618507540552e-02
1.251728296279907227e+00 -6.725630880814900125e-01 8.530336953918261633e-01 -9.067616703314239635e-01 -1.375739271774432115e-01
4.393321037292480469e+00 -1.145078548638138738e+00 -6.617440967361812865e-01 5.777645167959020167e-01 -4.224104504152860207e-01
2.822524547576904297e+00 -1.477348340024175588e+00 1.832830234609617304e-01 -1.421647598442787874e-01 -5.685653098962647478e-01
5.964117527008056641e+00 3.239987131359703953e-01 -4.906827799736797058e-01 9.635902214357789930e-01 1.213610607798499830e+00
2.699806094169616699e-01 3.692028783852007168e-01 4.282111245112175668e-01 -8.745257775453051385e-01 1.331364856410663933e+00
3.411573171615600586e+00 -1.483787756896645327e+00 -1.553101317854070351e-01 1.202074057538764923e-01 -5.710762687026575968e-01
1.840776920318603516e+00 -1.116119770709115500e+00 6.821270564242488676e-01 -6.021532256396932015e-01 -4.079135666356042966e-01
4.982369422912597656e+00 -7.164408512731053058e-01 -8.454969062185443418e-01 8.809580749675937072e-01 -1.691389828982558241e-01
1.055378794670104980e+00 -4.845231993792462610e-01 8.659216774523600391e-01 -1.007678043231003517e+00 1.350783151446357210e-02
4.196971416473388672e+00 -1.249072806296908089e+00 -5.737311636558154460e-01 4.819717266424218827e-01 -4.719526365771769538e-01
2.626175165176391602e+00 -1.440771678071546713e+00 2.936179274224149927e-01 -2.305794641594164918e-01 -5.540941368866471040e-01
5.767767906188964844e+00 1.135529373157321276e-01 -6.838600696293269943e-01 1.139103845837757811e+00 7.664950860125105958e-01
6.626796722412109375e-01 -5.594777219723467976e-02 7.759595442015972955e-01 -1.151710770066290301e+00 4.943103062401785763e-01
3.804272413253784180e+00 -1.401882372994376791e+00 -3.741071223079346364e-01 2.977251590626907585e-01 -5.383078607921480963e-01
2.233475923538208008e+00 -1.314868595825221309e+00 5.019879268004103778e-01 -4.118456756354456072e-01 -5.014066417007363441e-01
5.375068664550781250e+00 -3.309389870965271374e-01 -8.535594768011416367e-01 1.076612158402883601e+00 1.599301047121320651e-01
1.448077917098999023e+00 -8.404640250604102913e-01 8.142869185549699296e-01 -8.034795948007245059e-01 -2.519590060944487675e-01
4.589670658111572266e+00 -1.021997954619461968e+00 -7.386735419180948670e-01 6.764055735866224550e-01 -3.584963172519157748e-01
3.018874168395996094e+00 -1.496652749601116827e+00 7.079881732345583156e-02 -5.456183235838095447e-02 -5.760604728199278934e-01
6.160466670989990234e+00 4.706081448714979354e-01 -2.084223400497941248e-01 4.675875121155251835e-01 1.633141560992577901e+00
1.718058437108993530e-01 4.436666395983082101e-01 2.865657952057912849e-01 -6.265023720908996507e-01 1.547313212346635991e+00
3.313398599624633789e+00 -1.493438213098090994e+00 -9.904740060876780772e-02 7.641386169761028857e-02 -5.748190999023456982e-01
1.742602229118347168e+00 -1.054588440556509799e+00 7.206412049007632215e-01 -6.514746360442371653e-01 -3.760196128206892974e-01
4.884194850921630859e+00 -8.003907051247820537e-01 -8.260290964645113920e-01 8.292645595199092945e-01 -2.261754762955976439e-01
9.572039842605590820e-01 -3.832554774253669194e-01 8.601035038509118325e-01 -1.054728889270295511e+00 1.073712234099420681e-01
4.098796844482421875e+00 -1.294082744029615650e+00 -5.263786153766100151e-01 4.350691989100621826e-01 -4.922515845359042852e-01
2.528000354766845703e+00 -1.415944858496340109e+00 3.475395835665192612e-01 -2.752481022287234791e-01 -5.440648259258356045e-01
5.669592857360839844e+00 6.840439100926909433e-04 -7.496576659585207913e-01 1.154700057671538715e+00 5.784039041730336672e-01
5.645049214363098145e-01 5.730616266146537630e-02 7.190670210729067646e-01 -1.151050978210860221e+00 6.690834632534686799e-01
3.706097602844238281e+00 -1.428906405099946486e+00 -3.207018364824569256e-01 2.528688404659834577e-01 -5.493221245676377373e-01
2.135301351547241211e+00 -1.272153421829281816e+00 5.503038432248118506e-01 -4.584422630004016397e-01 -4.824440621918945626e-01
5.276894092559814453e+00 -4.344670887690888494e-01 -8.641638028517515391e-01 1.031654055211366883e+00 5.867576268359458308e-02
1.349903106689453125e+00 -7.590502040172597553e-01 8.364626374494930072e-01 -8.551061468925892362e-01 -1.986180361423915408e-01
4.491495609283447266e+00 -1.085959448886803624e+00 -7.017753509458742878e-01 6.267231884918553764e-01 -3.924700122749019138e-01
2.920699357986450195e+00 -1.489150389324050971e+00 1.272247243072617273e-01 -9.829311912671448437e-02 -5.731590945557002437e-01
6.062292098999023438e+00 4.094782416147583204e-01 -3.600513796973918712e-01 7.624818464812341823e-01 1.444503523879880014e+00
3.681553900241851807e-01 2.749434831004421431e-01 5.473544998445852849e-01 -1.031838983648570185e+00 1.095656785795793287e+00
3.509747982025146484e+00 -1.469829936491220179e+00 -2.111218148701760333e-01 1.641726822797266450e-01 -5.656198370364352579e-01
1.938951730728149414e+00 -1.172844630480416317e+00 6.406715831260615390e-01 -5.535554244520245470e-01 -4.360152746261645174e-01
5.080544471740722656e+00 -6.274214872708295809e-01 -8.589661363734121258e-01 9.324420816979914761e-01 -1.037408389684896098e-01
1.153553605079650879e+00 -5.810244200153996674e-01 8.631780132283699558e-01 -9.579052576274484920e-01 -6.743717698393679461e-02
4.295145988464355469e+00 -1.199426768609742844e+00 -6.189520551012814842e-01 5.295229932275440365e-01 -4.487777603352848255e-01
2.724349975585937500e+00 -1.461229796081550569e+00 2.388052749496239746e-01 -1.862392306851839152e-01 -5.622322343120400578e-01
5.865942478179931641e+00 2.229940321096128830e-01 -5.982973526185896285e-01 1.081990675925903700e+00 9.806237626686038489e-01
7.608544826507568359e-01 -1.681367367934009094e-01 8.169455801339526868e-01 -1.130995415904033852e+00 3.445784870995394766e-01
3.902447223663330078e+00 -1.370434372312038018e+00 -4.263308605101341353e-01 3.430034693754192565e-01 -5.252294119807461303e-01
2.331650733947753906e+00 -1.353037748043465660e+00 4.519346748255764767e-01 -3.658200545654994307e-01 -5.178707226704774014e-01
5.473243236541748047e+00 -2.232801971847772626e-01 -8.322076742300734686e-01 1.115257578015066642e+00 2.781281643689748062e-01
1.546252608299255371e+00 -9.168250358425287239e-01 7.872056066372723482e-01 -7.522155922076023682e-01 -2.987233784982267770e-01
4.687845230102539062e+00 -9.531246218872659881e-01 -7.720159051338525424e-01 7.267850751174527169e-01 -3.199327340595451985e-01
3.117048978805541992e+00 -1.499866134121804473e+00 1.416987569593906350e-02 -1.090846215353392067e-02 -5.772987418898356538e-01
6.258641719818115234e+00 4.987964323274208800e-01 -4.247664155170293582e-02 9.797767896954566458e-02 1.727886538829602969e+00
1.227184664458036423e-02 4.996988791298411225e-01 2.125119525825481387e-02 -4.906275939101863853e-02 1.731008008284835809e+00
3.153864383697509766e+00 -1.499966534302261234e+00 -7.085033990272575008e-03 5.454122550674263617e-03 -5.773373880928688306e-01
1.583068132400512695e+00 -9.441666421148877664e-01 7.759104300911857655e-01 -7.331285649043360886e-01 -3.147572583285775938e-01
4.724660873413085938e+00 -9.260169898406276356e-01 -7.835063134878670343e-01 7.458440446185137240e-01 -3.041541235620097150e-01
7.976700067520141602e-01 -2.095677351679187117e-01 8.286958577538449111e-01 -1.119459069584079813e+00 2.942518324944018437e-01
3.939262628555297852e+00 -1.357491990530508952e+00 -4.455677441557222007e-01 3.601041163132162048e-01 -5.197633797764287245e-01
2.368466377258300781e+00 -1.366190214172004147e+00 4.327653921635752909e-01 -3.486959301251733034e-01 -5.234423914179354709e-01
5.510058879852294922e+00 -1.819940173695875352e-01 -8.210689046958539183e-01 1.127338975653966013e+00 3.274699632333540333e-01
4.049709141254425049e-01 2.362056504005292101e-01 5.860895240820724883e-01 -1.070993693254745915e+00 1.008981874081913643e+00
3.546563625335693359e+00 -1.463481379796569337e+00 -2.319002438312088299e-01 1.807167328451770028e-01 -5.631210350539743725e-01
1.975767254829406738e+00 -1.192891673661401475e+00 6.244404266445490181e-01 -5.355148176843391727e-01 -4.456635202452195466e-01
5.117360115051269531e+00 -5.927405611861754631e-01 -8.622931005366764046e-01 9.515659283308890437e-01 -7.675646321198044408e-02
1.190369129180908203e+00 -6.159396076657180918e-01 8.601851577019563599e-01 -9.388323382254185612e-01 -9.490502014287678645e-02
4.331961631774902344e+00 -1.179600854224908346e+00 -6.353007234393655001e-01 5.475308654507476946e-01 -4.392830396843696583e-01
2.761165380477905273e+00 -1.467781407565929230e+00 2.180581582451835698e-01 -1.696835704151219426e-01 -5.648147010596415996e-01
5.902758121490478516e+00 2.621931724193511393e-01 -5.606212410692212877e-01 1.045962317326604385e+00 1.066529340763720413e+00
2.086213827133178711e-01 4.186420064165747856e-01 3.421588052866641472e-01 -7.307310974165964756e-01 1.471422635724723316e+00
3.350214004516601562e+00 -1.490323053630202121e+00 -1.201881320531013875e-01 9.282027279295765321e-02 -5.736135574756495714e-01
1.779417753219604492e+00 -1.078230483487853331e+00 7.065671454108608529e-01 -6.328941252011658358e-01 -3.884542449948877874e-01
4.921010494232177734e+00 -7.695041564289955005e-01 -8.339817937165184825e-01 8.486428398687857477e-01 -2.056814438800148026e-01
9.940195679664611816e-01 -4.217709588592207237e-01 8.633713933421963693e-01 -1.037517408739767832e+00 7.050615124481722507e-02
4.135612010955810547e+00 -1.277743447025065926e+00 -5.443678425083321448e-01 4.525845189151124215e-01 -4.849588132208135227e-01
2.564815759658813477e+00 -1.425768942167868314e+00 3.274353360406285218e-01 -2.584549677599330408e-01 -5.480538195596310613e-01
5.706408500671386719e+00 4.317014370383653876e-02 -7.271345448000425815e-01 1.152670844472412748e+00 6.457846000228288919e-01
6.013204455375671387e-01 1.485354818757400608e-02 7.424246547219447434e-01 -1.154469510353358430e+00 6.004475200608819785e-01
3.742913007736206055e+00 -1.419288297501725804e+00 -3.408544697628065889e-01 2.696443787897960798e-01 -5.454254173659739413e-01
2.172116756439208984e+00 -1.288707946749176880e+00 5.324047624233119169e-01 -4.408981345805800811e-01 -4.898620659418128076e-01
5.313709259033203125e+00 -3.961644621918959941e-01 -8.613440867714111659e-01 1.049059298975594912e+00 9.484853803608210565e-02
1.386718630790710449e+00 -7.901745008296043871e-01 8.287635786526923454e-01 -8.357212519069791012e-01 -2.194579401332731328e-01
4.528311252593994141e+00 -1.062545140120642717e+00 -7.160008547445909644e-01 6.452698604284176076e-01 -3.802300880420917406e-01
2.957515001296997070e+00 -1.492466942381639239e+00 1.060991338783212334e-01 -8.188075549022748312e-02 -5.744434949946064517e-01
6.099107742309570312e+00 4.357546152139450957e-01 -3.054054273901351535e-01 6.627265036291006828e-01 1.522933113112293846e+00
1.104466170072555542e-01 4.760840218003736801e-01 1.882683903089037991e-01 -4.246317398654803621e-01 1.651138525240206878e+00
3.252039194107055664e+00 -1.497288827670507860e+00 -6.372790325036464809e-02 4.910213758089402442e-02 -5.763057945565499551e-01
1.681242942810058594e+00 -1.013658903444193626e+00 7.430450176028241538e-01 -6.826657989995260634e-01 -3.539395569169799804e-01
4.822835445404052734e+00 -8.502848032141261392e-01 -8.111568390132272155e-01 7.970465855352348861e-01 -2.581436409138272436e-01
8.958447575569152832e-01 -3.176946480770587722e-01 8.515125184019254334e-01 -1.081856036134065002e+00 1.737157186199034253e-01
4.037437438964843750e+00 -1.319887247774395256e+00 -4.958212134456286835e-01 4.060623505832642310e-01 -5.035968621596033090e-01
2.466641187667846680e+00 -1.398194206267645345e+00 3.807037901970847238e-01 -3.033605343305961211e-01 -5.367887345006626676e-01
5.608233928680419922e+00 -7.007161919264154326e-02 -7.819022896323249983e-01 1.150091478327190053e+00 4.742826951786320855e-01
5.031456947326660156e-01 1.275046896570770638e-01 6.742984490148123955e-01 -1.134594451781636870e+00 7.918934194407115656e-01
3.644738435745239258e+00 -1.443567166291508608e+00 -2.868113526735985852e-01 2.250203271309950404e-01 -5.552128353264949023e-01
2.073941946029663086e+00 -1.243121837851967726e+00 5.795062127196181079e-01 -4.878792670364611728e-01 -4.692189612625687900e-01
5.215534687042236328e+00 -4.968518207785193042e-01 -8.660211121708824011e-01 1.001571607933977370e+00 2.730701550409113127e-03
1.288543820381164551e+00 -7.055900464890194623e-01 8.475255450949440439e-01 -8.874162311070917797e-01 -1.614499515067529256e-01
4.430136680603027344e+00 -1.123471691585682386e+00 -6.770984325365595469e-01 5.960391546006339469e-01 -4.116242802889210628e-01
2.859340190887451172e+00 -1.482278925064060227e+00 1.623147714511708473e-01 -1.256924376901105700e-01 -5.704888939516442603e-01
6.000932693481445312e+00 3.583198139845954477e-01 -4.443707041323573526e-01 8.988771068935356157e-01 1.302162851886726092e+00
3.067961633205413818e-01 3.357008356354442835e-01 4.756081212391827795e-01 -9.433742983954808148e-01 1.243216822231725693e+00
3.448388814926147461e+00 -1.479059265045230553e+00 -1.763014936034854596e-01 1.366709497656939110e-01 -5.692335196472286807e-01
1.877592444419860840e+00 -1.137951027023212269e+00 6.669061893100267646e-01 -5.838447552331810231e-01 -4.188719124144780759e-01
5.019185066223144531e+00 -6.836512926612609009e-01 -8.512955726584544580e-01 9.003190750942644538e-01 -1.456704057255122364e-01
1.092194318771362305e+00 -5.212831291499322450e-01 8.658292391171543700e-01 -9.892463595375075025e-01 -1.823765335004606455e-02
4.233787059783935547e+00 -1.231002190866114177e+00 -5.909541841054225531e-01 4.997250583146499170e-01 -4.636147635688012691e-01
2.662990570068359375e+00 -1.448953696940922908e+00 2.731577580751026746e-01 -2.139168279508657233e-01 -5.573624363234361834e-01
5.804583072662353516e+00 1.552213789359024876e-01 -6.542275662481678022e-01 1.123511202716093393e+00 8.439134150008400503e-01
6.994952559471130371e-01 -9.825077012442884339e-02 7.930625241560649297e-01 -1.145939974788965365e+00 4.353822885954144462e-01
3.841087818145751953e+00 -1.390610109378161541e+00 -3.938403544649333177e-01 3.146516839892773421e-01 -5.336527240988916398e-01
2.270291566848754883e+00 -1.329711828704991383e+00 4.834084308121490703e-01 -3.945221344827274934e-01 -5.078619767496309612e-01
5.411884307861328125e+00 -2.910161156474181943e-01 -8.469027701340219316e-01 1.092027119225708942e+00 2.021035447416533182e-01
1.484893441200256348e+00 -8.696894748036274603e-01 8.046721501111887553e-01 -7.842001028672141993e-01 -2.702130216603166879e-01
4.626485824584960938e+00 -9.967499640821044782e-01 -7.516179913282550196e-01 6.952187537620228008e-01 -3.446064639334169843e-01
3.055689811706542969e+00 -1.498360006546630707e+00 4.957794868849049741e-02 -3.818599762359695116e-02 -5.767186901532828092e-01
6.197282314300537109e+00 4.854194799423829920e-01 -1.473476718939343566e-01 3.353946437985880213e-01 1.682268259922218956e+00
6.135923042893409729e-02 4.925168845282753560e-01 1.057481699355341670e-01 -2.424010226712506599e-01 1.706321073746264627e+00
3.202951908111572266e+00 -1.499163303751644305e+00 -3.541919433124449124e-02 2.727331500227910682e-02 -5.770281348106048869e-01
1.632155537605285645e+00 -9.795320646699590128e-01 7.599583865021982687e-01 -7.078144868892587427e-01 -3.349720343210516593e-01
4.773748397827148438e+00 -8.887791069278504485e-01 -7.978960486882280545e-01 7.713823302614827293e-01 -2.818951171196042993e-01
8.467574119567871094e-01 -2.640937809630762301e-01 8.415825520201670740e-01 -1.101728078626009522e+00 2.316212219570068787e-01
3.988350152969360352e+00 -1.339253551172450374e+00 -4.708928833963445526e-01 3.830163500207182103e-01 -5.119760404853678226e-01
2.417553663253784180e+00 -1.382748504951861301e+00 4.068983997927987373e-01 -3.259707189158678187e-01 -5.303845473358844709e-01
5.559146404266357422e+00 -1.263139452473868718e-01 -8.032864055631528943e-01 1.140684119062154833e+00 3.979817272076798806e-01
4.540583193302154541e-01 1.826303700595157675e-01 6.328600425088523052e-01 -1.109428690619962188e+00 8.975085328071831237e-01
3.595650911331176758e+00 -1.454067968294572299e+00 -2.594527585239754797e-01 2.028323269248096250e-01 -5.593961319428344403e-01
2.024854660034179688e+00 -1.218591351605851525e+00 6.022622784534631402e-01 -5.116124398504702242e-01 -4.578241338573111885e-01
5.166447162628173828e+00 -5.454104041774071598e-01 -8.651320254124992282e-01 9.767901966986382023e-01 -3.845346981069004688e-02
1.239456534385681152e+00 -6.613960325529794071e-01 8.546715687953578833e-01 -9.131965690339066688e-01 -1.293359126747395949e-01
4.381049156188964844e+00 -1.152131555414534825e+00 -6.565388989423738275e-01 5.716954866193931784e-01 -4.258932724852503293e-01
2.810252904891967773e+00 -1.475570020531844051e+00 1.902560150944589967e-01 -1.476616053687732355e-01 -5.678699644917608591e-01
5.951845645904541016e+00 3.120562885603492820e-01 -5.053943392611288665e-01 9.825029755516294649e-01 1.183997808017178466e+00
2.577087581157684326e-01 3.797781527771891819e-01 4.116950344878688162e-01 -8.487327383406284564e-01 1.360284539867663733e+00
3.399301528930664062e+00 -1.485229258653333995e+00 -1.482986207624714947e-01 1.147251901936500312e-01 -5.716368778526569328e-01
1.828505158424377441e+00 -1.108692716341121320e+00 6.871098040378628147e-01 -6.082786643886454181e-01 -4.041436940026594815e-01
4.970097541809082031e+00 -7.272122221123267227e-01 -8.433747414951932031e-01 8.744970581531291698e-01 -1.766976262486255056e-01
1.043106913566589355e+00 -4.721198362676136129e-01 8.656887560507480206e-01 -1.013742932146054043e+00 2.448627067167712806e-02
4.184699535369873047e+00 -1.254951309828617134e+00 -5.679228731447972800e-01 4.760743647545512269e-01 -4.746414287609254101e-01
2.613903284072875977e+00 -1.437907897105730637e+00 3.004106895735063065e-01 -2.361438119466861829e-01 -5.529459014721266330e-01
5.755496025085449219e+00 9.954961844184218034e-02 -6.931126829525492417e-01 1.142971716387882308e+00 7.415117411331723085e-01
6.504078507423400879e-01 -4.180591821274859399e-02 7.697685610372464460e-01 -1.153001375020640706e+00 5.147310825624815678e-01
3.792000532150268555e+00 -1.405501475710685622e+00 -3.674919157128873626e-01 2.920962983299805749e-01 -5.397947911473280902e-01
2.221204280853271484e+00 -1.309779042679555250e+00 5.081273723464787562e-01 -4.176377868162698959e-01 -4.991774881657251028e-01
5.362796783447265625e+00 -3.441183693963331125e-01 -8.554388861457353777e-01 1.071271517897599335e+00 1.464086626177996953e-01
1.435806035995483398e+00 -8.305643165603340261e-01 8.173404581095624621e-01 -8.099184050077452568e-01 -2.456719118984924399e-01
4.577398777008056641e+00 -1.030260366459957222e+00 -7.342465238741779920e-01 6.701562160630908371e-01 -3.629815761741975177e-01
3.006602287292480469e+00 -1.495949666930351141e+00 7.786652493846099587e-02 -6.002271617619441696e-02 -5.757891876308254275e-01
6.148194789886474609e+00 4.646126142975720574e-01 -2.283459617630725080e-01 5.093189440504297671e-01 1.613655024830884077e+00
1.595340073108673096e-01 4.511252900885988071e-01 2.674331914991275871e-01 -5.888315301845898908e-01 1.570633090139332610e+00
3.301126718521118164e+00 -1.494342418689755592e+00 -9.199111802590057008e-02 7.094859482176169019e-02 -5.751685507114424611e-01
1.730330348014831543e+00 -1.046555491545917205e+00 7.252294953983535741e-01 -6.576906661292695189e-01 -3.717420977693394191e-01
4.871922969818115234e+00 -8.105277411891651518e-01 -8.232128469988585495e-01 8.228114302069094999e-01 -2.327822407457511011e-01
9.449321627616882324e-01 -3.702776217590184604e-01 8.587077957242659210e-01 -1.060324245446197855e+00 1.201349721442572516e-01
4.086524963378906250e+00 -1.299386142903799168e+00 -5.203233090108878578e-01 4.292495385598491531e-01 -4.946003672575428056e-01
2.515728473663330078e+00 -1.412532631399961991e+00 3.542077744385289662e-01 -2.808579058876952139e-01 -5.426730207618429835e-01
5.657320976257324219e+00 -1.348558663686277859e-02 -7.566226233681105917e-01 1.154517173162486365e+00 5.567728493748156371e-01
5.522330999374389648e-01 7.141908671594199287e-02 7.107110316454494647e-01 -1.148914147237937833e+00 6.928042236903533269e-01
3.693825721740722656e+00 -1.431975334282622470e+00 -3.139529936417166933e-01 2.472883632716968982e-01 -5.505600990239741810e-01
2.123029470443725586e+00 -1.266491480411835902e+00 5.562086909084164033e-01 -4.643097435077279678e-01 -4.798865989800011334e-01
5.264622211456298828e+00 -4.470911582564626174e-01 -8.648124021133242190e-01 1.025734560072177226e+00 4.706549135146207569e-02
1.337631225585937500e+00 -7.485167799604373062e-01 8.388561006266639364e-01 -8.615702579131933048e-01 -1.914345017396161253e-01
4.479223728179931641e+00 -1.093612715038865701e+00 -6.969346873331386805e-01 6.205636284958536697e-01 -3.964228647185722432e-01
2.908427476882934570e+00 -1.487910555816800873e+00 1.342555409631380758e-01 -1.037681299587324968e-01 -5.726782124308081867e-01
6.050020217895507812e+00 3.999340338741014245e-01 -3.776096542811316903e-01 7.927271355029343880e-01 1.416943636225505676e+00
3.558835387229919434e-01 2.875136351827657366e-01 5.337290565454717584e-01 -1.016584180778980606e+00 1.124972343912022277e+00
3.497476100921630859e+00 -1.471810848601953436e+00 -2.041757965691903542e-01 1.586654832580394747e-01 -5.663973418486776268e-01
1.926679849624633789e+00 -1.166014441507146948e+00 6.460019913111276768e-01 -5.595910026198769316e-01 -4.326948996618539267e-01
5.068272590637207031e+00 -6.388250252220450953e-01 -8.576396150359857362e-01 9.260382813359084864e-01 -1.124224722504591073e-01
1.141281723976135254e+00 -5.692303272311505236e-01 8.639475512689417380e-01 -9.642239333661600797e-01 -5.794929767408962817e-02
4.282874584197998047e+00 -1.205888052504259456e+00 -6.134260697091441505e-01 5.235422894110302039e-01 -4.518420376858144905e-01
2.712078094482421875e+00 -1.458910383023023893e+00 2.456993243742810196e-01 -1.917659580108973527e-01 -5.613152438920236964e-01
5.853670597076416016e+00 2.096533945909080376e-01 -6.101590322688017487e-01 1.092033659955074620e+00 9.525779585443132635e-01
7.485826015472412109e-01 -1.542359009932777192e-01 8.126102330629070281e-01 -1.134446995191940255e+00 3.620287690246133949e-01
3.890175342559814453e+00 -1.374608779690907889e+00 -4.198745191907764518e-01 3.373184808914764798e-01 -5.269819162430002812e-01
2.319378852844238281e+00 -1.348513334389759510e+00 4.582781262749502371e-01 -3.715439859441523884e-01 -5.159421893236783019e-01
5.460971832275390625e+00 -2.369393702072247199e-01 -8.355233861417471486e-01 1.110895774895387822e+00 2.623202537102919396e-01
1.533980846405029297e+00 -9.075548848951838776e-01 7.908376962743713934e-01 -7.585959675418824100e-01 -2.932044340671703941e-01
4.675573348999023438e+00 -9.620047689589750206e-01 -7.680583930238462642e-01 7.204514395041906605e-01 -3.250260695126213628e-01
3.104777097702026367e+00 -1.499698798258813248e+00 2.125404831822377827e-02 -1.636301688025288206e-02 -5.772343249445197610e-01
6.246369838714599609e+00 4.972953446907889541e-01 -6.365136757022828162e-02 1.466000342428909475e-01 1.722706878850265966e+00
3.681553900241851807e-02 4.972953343499892931e-01 6.365148908554568719e-02 -1.466003126016667824e-01 1.722706843221672335e+00
3.178408145904541016e+00 -1.499698799299058916e+00 -2.125401162169522629e-02 1.636298862274111754e-02 -5.772343253449909728e-01
1.607611894607543945e+00 -9.620047231577009139e-01 7.680584136867338874e-01 -7.204514722890542622e-01 -3.250260433373971525e-01
4.749204635620117188e+00 -9.075547522580387216e-01 -7.908377475398581380e-01 7.585960585099377207e-01 -2.932043547981630915e-01
8.222137093544006348e-01 -2.369396306569565014e-01 8.355234476427493284e-01 -1.110895690089892085e+00 2.623199546593641407e-01
3.963806390762329102e+00 -1.348513358009931551e+00 -4.582780934749469681e-01 3.715439562710263766e-01 -5.159421994077788565e-01
2.393010139465332031e+00 -1.374608838669539423e+00 4.198744270503262377e-01 -3.373183999469548389e-01 -5.269819409675168265e-01
5.534602642059326172e+00 -1.542359731134970158e-01 -8.126102560781657269e-01 1.134446977863636796e+00 3.620286777284012492e-01
4.295146167278289795e-01 2.096534965599206046e-01 6.101589433214996694e-01 -1.092033587058840238e+00 9.525781706958118544e-01
3.571107387542724609e+00 -1.458910349493590664e+00 -2.456994225177582536e-01 1.917660367839686131e-01 -5.613152306256197210e-01
2.000310897827148438e+00 -1.205888144043296695e+00 6.134259907065663375e-01 -5.235422042732924552e-01 -4.518420809947290007e-01
5.141903400421142578e+00 -5.692305034742186631e-01 -8.639475406768223342e-01 9.642238394185616013e-01 -5.794944026274082005e-02
1.214912772178649902e+00 -6.388250767433598654e-01 8.576396087812176994e-01 -9.260382522753374257e-01 -1.124225112650481528e-01
4.356505393981933594e+00 -1.166014477082034873e+00 -6.460019638034063538e-01 5.595909713245672545e-01 -4.326949170002598599e-01
2.785709142684936523e+00 -1.471810838515108744e+00 2.041758325767790427e-01 -1.586655117781582969e-01 -5.663973378922463331e-01
5.927301883697509766e+00 2.875137523348479940e-01 -5.337289269026138649e-01 1.016584032074282051e+00 1.124972619961513098e+00
2.331650853157043457e-01 3.999340370199392369e-01 3.776096486581692058e-01 -7.927271259654292690e-01 1.416943645230625215e+00
3.374757766723632812e+00 -1.487910562413653270e+00 -1.342555045562552340e-01 1.037681015902001125e-01 -5.726782149905266239e-01
1.803961396217346191e+00 -1.093612601610804091e+00 6.969347597922199711e-01 -6.205637201542647530e-01 -3.964228063067307128e-01
4.945554256439208984e+00 -7.485166293186954478e-01 -8.388561340981274261e-01 8.615703500127915859e-01 -1.914343985244026380e-01
1.018563270568847656e+00 -4.470913376015887009e-01 8.648124103425021136e-01 -1.025734475352976460e+00 4.706532747839113628e-02
4.160155773162841797e+00 -1.266491509929406956e+00 -5.562086604005762602e-01 4.643097130864762834e-01 -4.798866123401889228e-01
2.589359521865844727e+00 -1.431975318561753419e+00 3.139530286424840888e-01 -2.472883921663459328e-01 -5.505600926889752111e-01
5.730952262878417969e+00 7.141915063724024737e-02 -7.107109931004030878e-01 1.148914136334888036e+00 6.928043321895548390e-01
6.258641481399536133e-01 -1.348537561154766751e-02 7.566225215998544362e-01 -1.154517178850436920e+00 5.567731685055724578e-01
3.767456769943237305e+00 -1.412532649254945927e+00 -3.542077399391665438e-01 2.808578768107411472e-01 -5.426730280532020556e-01
2.196660518646240234e+00 -1.299386217956167933e+00 5.203232225322067528e-01 -4.292494557094898577e-01 -4.946004004339535354e-01
5.338253021240234375e+00 -3.702777523672788895e-01 -8.587078105222033519e-01 1.060324189672271933e+00 1.201348427994247264e-01
1.411262273788452148e+00 -8.105276888805571511e-01 8.232128617975272844e-01 -8.228114636261939507e-01 -2.327822068034391123e-01
4.552855014801025391e+00 -1.046555454954461339e+00 -7.252295160806966345e-01 6.576906943358746815e-01 -3.717420782230631549e-01
2.982058763504028320e+00 -1.494342431094795476e+00 9.199101746023256865e-02 -7.094851696607633318e-02 -5.751685555042044262e-01
6.123651504516601562e+00 4.511254105916591151e-01 -2.674328700723526686e-01 5.888308901201384504e-01 1.570633469577943364e+00
1.349903047084808350e-01 4.646127225708760466e-01 2.283456187247778491e-01 -5.093182321744212926e-01 1.613655374700572853e+00
3.276582956314086914e+00 -1.495949670746175464e+00 -7.786648833380388490e-02 6.002268788337244282e-02 -5.757891891035108456e-01
1.705786585807800293e+00 -1.030260403744948983e+00 7.342465036792362731e-01 -6.701561877557322688e-01 -3.629815963483009056e-01
4.847379207611083984e+00 -8.305643680492911241e-01 -8.173404424914562094e-01 8.099183716380059517e-01 -2.456719447369328235e-01
9.203884601593017578e-01 -3.441183012923669793e-01 8.554388768380923880e-01 -1.071271545804029612e+00 1.464087319899978201e-01
4.061981201171875000e+00 -1.309778969657435566e+00 -5.081274596254433673e-01 4.176378694060158270e-01 -4.991774561251182685e-01
2.491184711456298828e+00 -1.405501457141241195e+00 3.674919500292715968e-01 -2.920963274727504944e-01 -5.397947835274620187e-01
5.632777690887451172e+00 -4.180564789133794923e-02 -7.697684403583927581e-01 1.153001396414441881e+00 5.147314764858341718e-01
5.276893973350524902e-01 9.954948672473429294e-02 6.931127684050270021e-01 -1.142971749802212278e+00 7.415115084862475836e-01
3.669281959533691406e+00 -1.437907912118104647e+00 -3.004106544210659591e-01 2.361437831077418392e-01 -5.529459074972182808e-01
2.098485708236694336e+00 -1.254951279563131461e+00 5.679229033191853793e-01 -4.760743952790061351e-01 -4.746414149472127364e-01
5.240078449249267578e+00 -4.721197798667367551e-01 -8.656887546884217688e-01 1.013742959542885291e+00 2.448632090707987194e-02
1.313087582588195801e+00 -7.272120622697262338e-01 8.433747737923831256e-01 -8.744971544030788468e-01 -1.766975146240068462e-01
4.454680442810058594e+00 -1.108692537473808803e+00 -6.871099228782625579e-01 6.082788113018255949e-01 -4.041436029535330210e-01
2.883883953094482422e+00 -1.485229278712517420e+00 1.482985208143008660e-01 -1.147251121019241538e-01 -5.716368856500331219e-01
6.025476455688476562e+00 3.797780735264706387e-01 -4.116951615048918267e-01 8.487329401493638459e-01 1.360284321098692795e+00
3.313398361206054688e-01 3.120561167740432129e-01 5.053945462778521858e-01 -9.825032359209040500e-01 1.183997386332933166e+00
3.472932577133178711e+00 -1.475569994713861188e+00 -1.902561143840001967e-01 1.476616837106366764e-01 -5.678699543905698643e-01
1.902136206626892090e+00 -1.152131587221538744e+00 6.565388752472601785e-01 -5.716954591300172916e-01 -4.258932881499924439e-01
5.043728828430175781e+00 -6.613959817461272372e-01 -8.546715759911246435e-01 9.131965981884693218e-01 -1.293358750005237645e-01
1.116737961769104004e+00 -5.454102256374316893e-01 8.651320324410998186e-01 -9.767902898965467040e-01 -3.845332197979364763e-02
4.258330821990966797e+00 -1.218591262152680432e+00 -6.022623585019766246e-01 5.116125246846567887e-01 -4.578240919298547928e-01
2.687534332275390625e+00 -1.454067955399907852e+00 2.594527940864760907e-01 -2.028323556118721005e-01 -5.593961268241343099e-01
5.829126834869384766e+00 1.826302003391220286e-01 -6.328601798096696873e-01 1.109428788382930131e+00 8.975081940337826802e-01
7.240389585494995117e-01 -1.263140087107965659e-01 8.032864277053695101e-01 -1.140684105991834674e+00 3.979816440877371186e-01
3.865631580352783203e+00 -1.382748525674803108e+00 -4.068983660746516851e-01 3.259706895606199750e-01 -5.303845559741888760e-01
2.294835329055786133e+00 -1.339253618141151403e+00 4.708927938796044765e-01 -3.830162681752071197e-01 -5.119760692629387044e-01
5.436428070068359375e+00 -2.640935883308074272e-01 -8.415825115222060893e-01 1.101728145914018242e+00 2.316214363824776745e-01
1.509437084197998047e+00 -8.887792418006181805e-01 7.978959994001112443e-01 -7.713822390582035782e-01 -2.818951989967857785e-01
4.651029586791992188e+00 -9.795321940459170706e-01 -7.599583252752295515e-01 7.078143929312915583e-01 -3.349721072172234804e-01
3.080233335494995117e+00 -1.499163302017796351e+00 3.541923101466502855e-02 -2.727334326483440985e-02 -5.770281341428741273e-01
6.221826076507568359e+00 4.925168844693514902e-01 -1.057481703503139608e-01 2.424010236078516789e-01 1.706321073545167710e+00
8.590292185544967651e-02 4.854195037633085574e-01 1.473475524131838688e-01 -3.353943797095739754e-01 1.682268340085637304e+00
3.227495670318603516e+00 -1.498359999869971926e+00 -4.957804952519232616e-02 3.818607537521539336e-02 -5.767186875806235014e-01
1.656699299812316895e+00 -9.967498370084069137e-01 7.516180543162137573e-01 -6.952188474071583357e-01 -3.446063933185398165e-01
4.798291683197021484e+00 -8.696896181415236793e-01 -8.046721007210209109e-01 7.842000072988755122e-01 -2.702131100840288735e-01
8.713011145591735840e-01 -2.910162414936200981e-01 8.469027934246114997e-01 -1.092027072525879827e+00 2.021034088378164673e-01
4.012893676757812500e+00 -1.329711853785953579e+00 -4.834083985258296190e-01 3.945221046362060169e-01 -5.078619876001470024e-01
2.442097425460815430e+00 -1.390610089374803238e+00 3.938403883908478398e-01 -3.146517132712043918e-01 -5.336527158058371745e-01
5.583690166473388672e+00 -9.825063806525574650e-02 -7.930624739822010882e-01 1.145939996975917641e+00 4.353824676846108632e-01
4.786019921302795410e-01 1.552216512603454834e-01 6.542273616945026848e-01 -1.123511078950796049e+00 8.439139366466732461e-01
3.620194673538208008e+00 -1.448953710540260342e+00 -2.731577226418899773e-01 2.139167992157159082e-01 -5.573624417406063403e-01
2.049398422241210938e+00 -1.231002278240814762e+00 5.909541030444358523e-01 -4.997249737795109725e-01 -4.636148041506858997e-01
5.190990924835205078e+00 -5.212831920393088403e-01 -8.658292379577299247e-01 9.892463274338105794e-01 -1.823770667292592962e-02
1.264000177383422852e+00 -6.836512354252586299e-01 8.512955819191605489e-01 -9.003191084866615235e-01 -1.456703641446632502e-01
4.405592918395996094e+00 -1.137950994540266381e+00 -6.669062126144977842e-01 5.838447828244320847e-01 -4.188718962443827576e-01
2.834796428680419922e+00 -1.479059256356644703e+00 1.763015297913787804e-01 -1.366709782175740961e-01 -5.692335162558097572e-01
5.976388931274414062e+00 3.357006350885287649e-01 -4.756083855279175654e-01 9.433746601219368255e-01 1.243216309751203896e+00
2.822524607181549072e-01 3.583199514947802422e-01 4.443705049274744301e-01 -8.988768122057072540e-01 1.302163217344002311e+00
3.423845052719116211e+00 -1.482278933054707037e+00 -1.623147351834694774e-01 1.256924092685462457e-01 -5.704888970639053758e-01
1.853048801422119141e+00 -1.123471795800474293e+00 6.770983605658772442e-01 -5.960390675689122286e-01 -4.116243327415435860e-01
4.994641304016113281e+00 -7.055902086929979333e-01 -8.475255155847386535e-01 8.874161349453740799e-01 -1.614500670122110404e-01
1.067650675773620605e+00 -4.968518765022275074e-01 8.660211123228070962e-01 -1.001571580160045105e+00 2.730653139978842306e-03
4.209243297576904297e+00 -1.243121868867925084e+00 -5.795061828899513712e-01 4.878792364068679221e-01 -4.692189755411682595e-01
2.638447046279907227e+00 -1.443567205635306827e+00 2.868112555970978028e-01 -2.250202479611601303e-01 -5.552128510561429309e-01
5.780039787292480469e+00 1.275048880358726766e-01 -6.742983105557324164e-01 1.134594382799192891e+00 7.918937842485799239e-01
6.749515533447265625e-01 -7.007182028102804106e-02 7.819023725585236839e-01 -1.150091453003388775e+00 4.742824126004478447e-01
3.816544294357299805e+00 -1.398194153226395731e+00 -3.807038840522096179e-01 3.033606146701924300e-01 -5.367887126255947994e-01
2.245747804641723633e+00 -1.319887221959784585e+00 4.958212454608013076e-01 -4.060623805199989333e-01 -5.035968509137422888e-01
5.387340545654296875e+00 -3.176946523702680603e-01 -8.515125190912943287e-01 1.081856034454682369e+00 1.737157141186773668e-01
1.460349678993225098e+00 -8.502846575281026720e-01 8.111568861973094124e-01 -7.970466813047056842e-01 -2.581435495514156631e-01
4.601942539215087891e+00 -1.013658784083101727e+00 -7.430450794875785858e-01 6.826658882719663923e-01 -3.539394914773646983e-01
3.031146049499511719e+00 -1.497288824548935970e+00 6.372793988786369657e-02 -4.910216586110342785e-02 -5.763057933528817900e-01
6.172738552093505859e+00 4.760839631676880845e-01 -1.882686182961580967e-01 4.246322297657194045e-01 1.651138331508035906e+00
1.840776950120925903e-01 4.357545289653173004e-01 3.054056255877956594e-01 -6.627268800071542953e-01 1.522932849321745108e+00
3.325670242309570312e+00 -1.492466947587045123e+00 -1.060990973592139536e-01 8.188072716460526035e-02 -5.744434970082681335e-01
1.754873991012573242e+00 -1.062545099098888057e+00 7.160008789169651777e-01 -6.452698925425094378e-01 -3.802300664018646303e-01
4.896466732025146484e+00 -7.901744543331905568e-01 -8.287635908625126113e-01 8.357212811865886160e-01 -2.194579094237594508e-01
9.694758653640747070e-01 -3.961642704424080952e-01 8.613440694347596072e-01 -1.049059383946767676e+00 9.484872278115899502e-02
4.111068725585937500e+00 -1.288707869660088434e+00 -5.324048480735159572e-01 4.408982176976075640e-01 -4.898620316036167988e-01
2.540272235870361328e+00 -1.419288280359617627e+00 3.408545044371465438e-01 -2.696444078034538339e-01 -5.454254103980904489e-01
5.681864738464355469e+00 1.485340598271689405e-02 -7.424247286836537230e-01 1.154469514821657050e+00 6.004472967209149026e-01
5.767768025398254395e-01 4.317014827806653354e-02 7.271345422373272083e-01 -1.152670844029151542e+00 6.457846074888800025e-01
3.718369483947753906e+00 -1.425768958598629954e+00 -3.274353011991925078e-01 2.584549388070447318e-01 -5.480538262088137103e-01
2.147572994232177734e+00 -1.277743310348322225e+00 5.443679889618098233e-01 -4.525846629448346259e-01 -4.849587518586018220e-01
5.289165973663330078e+00 -4.217707156130391377e-01 -8.633713768119880561e-01 1.037517520198052212e+00 7.050637940163831385e-02
1.362174987792968750e+00 -7.695043048104199812e-01 8.339817577540225013e-01 -8.486427477893567772e-01 -2.056815436748729575e-01
4.503767490386962891e+00 -1.078230523722842449e+00 -7.065671207156509759e-01 6.328940932041695611e-01 -3.884542659625991323e-01
2.932971239089965820e+00 -1.490323047729336325e+00 1.201881685194471500e-01 -9.282030113877075272e-02 -5.736135551896817120e-01
6.074563980102539062e+00 4.186420470717234776e-01 -3.421587234221932783e-01 7.307309500556645743e-01 1.471422756163740964e+00
3.804272413253784180e-01 2.621931142259070757e-01 5.606213004069324768e-01 -1.045962378859970565e+00 1.066529209193102012e+00
3.522019863128662109e+00 -1.467781418353225398e+00 -2.180581223382073996e-01 1.696835418570765697e-01 -5.648147053023129249e-01
1.951223611831665039e+00 -1.179600819416717350e+00 6.353007513659139072e-01 -5.475308966315710624e-01 -4.392830228912311674e-01
5.092816352844238281e+00 -6.159394435150442604e-01 -8.601851742956666547e-01 9.388324291691805268e-01 -9.490489313613045819e-02
1.165825366973876953e+00 -5.927407275632448069e-01 8.622930871161382793e-01 -9.515658378695369679e-01 -7.675659481118828065e-02
