# step, loss_train, loss_test, metrics_test
0.000000000000000000e+00 2.028506200000000000e+07 1.299297000000000000e+07 7.263238906860351562e+00 6.183094406127929688e+01 3.425003433227539062e+01 1.473084800000000000e+08 9.435308800000000000e+07 7.262143135070800781e+00 6.183094406127929688e+01 3.425003433227539062e+01 1.414213562373095145e+00 1.414531693632566256e+00 1.415101206664050482e+00 1.416668902552798537e+00
2.000000000000000000e+03 1.560916781425476074e+00 1.379940986633300781e+00 5.442239761352539062e+00 1.595333862304687500e+02 3.300606384277343750e+02 1.248343467712402344e+00 1.090637803077697754e+00 5.431470870971679688e+00 1.595333862304687500e+02 3.300606384277343750e+02 1.251877419912142297e+00 1.532678375773186774e+00 1.566618355631321124e+00 1.684588511876090822e+00
4.000000000000000000e+03 2.571075677871704102e+00 1.691542983055114746e+00 5.972332954406738281e+00 1.538391876220703125e+02 1.921973876953125000e+02 2.081336498260498047e+00 1.333649873733520508e+00 5.962185382843017578e+00 1.538391876220703125e+02 1.921973876953125000e+02 1.264726015425396755e+00 1.512637247674381902e+00 1.539916949944670543e+00 1.637647869230614672e+00
6.000000000000000000e+03 7.724821567535400391e+00 3.294675827026367188e+00 6.519351959228515625e+00 7.469068145751953125e+01 5.875693511962890625e+01 6.500832557678222656e+00 2.595240592956542969e+00 6.510250091552734375e+00 7.469068145751953125e+01 5.875693511962890625e+01 1.291569674672264023e+00 1.474614723316777010e+00 1.488763547710213020e+00 1.546050192484979213e+00
8.000000000000000000e+03 1.539479446411132812e+01 4.445912361145019531e+00 6.497953414916992188e+00 2.976397323608398438e+01 2.831023406982421875e+01 1.376416969299316406e+01 3.538138151168823242e+00 6.487575531005859375e+00 2.976397323608398438e+01 2.831023406982421875e+01 1.298523809683886032e+00 1.457367487651044513e+00 1.463177042301186059e+00 1.497979415329408814e+00
1.000000000000000000e+04 9.657010078430175781e+00 1.611961245536804199e+00 5.048018455505371094e+00 2.691275215148925781e+01 1.172447013854980469e+01 8.726978302001953125e+00 1.195196509361267090e+00 5.025487422943115234e+00 2.691275215148925781e+01 1.172447013854980469e+01 1.280914187325549625e+00 1.468803585078003238e+00 1.480537610109909696e+00 1.534750204321839950e+00
1.200000000000000000e+04 4.662477493286132812e+00 8.860614895820617676e-01 3.377812385559082031e+00 2.338649749755859375e+01 4.066803932189941406e+00 4.181979656219482422e+00 7.249048352241516113e-01 3.332658767700195312e+00 2.338649749755859375e+01 4.066803932189941406e+00 1.260230674287900587e+00 1.490268402930762459e+00 1.528462768274701622e+00 1.640299995089253837e+00
1.400000000000000000e+04 2.650188922882080078e+00 6.378653645515441895e-01 2.430291652679443359e+00 1.093944740295410156e+01 5.079743862152099609e+00 2.458401679992675781e+00 6.130740642547607422e-01 2.364914655685424805e+00 1.093944740295410156e+01 5.079743862152099609e+00 1.245454130974544604e+00 1.503736447590168890e+00 1.527387283737487111e+00 1.612862314395834940e+00
1.600000000000000000e+04 2.139195919036865234e+00 4.047012925148010254e-01 1.748944640159606934e+00 2.863545417785644531e+00 4.564626216888427734e+00 1.970194816589355469e+00 3.826052546501159668e-01 1.689451336860656738e+00 2.863545417785644531e+00 4.564626216888427734e+00 1.336156982092491674e+00 1.497550731407568225e+00 1.518406278699938383e+00 1.599553645270163749e+00
1.800000000000000000e+04 9.763935953378677368e-02 3.549011051654815674e-01 1.893412768840789795e-01 1.326686441898345947e-01 2.165588855743408203e+00 9.693712741136550903e-02 3.560041487216949463e-01 1.875945776700973511e-01 1.326686441898345947e-01 2.165588855743408203e+00 1.759726568798349877e+00 1.640297928795620974e+00 1.607792363611458164e+00 1.666764632626626108e+00
2.000000000000000000e+04 1.663274914026260376e-01 1.355276554822921753e-01 1.078973617404699326e-02 1.068284064531326294e-01 1.435316354036331177e-01 1.662177294492721558e-01 1.369831115007400513e-01 1.081517990678548813e-02 1.068284064531326294e-01 1.435316354036331177e-01 1.754161815548520131e+00 1.647563294023099978e+00 1.592510336241206081e+00 1.636101697898879381e+00
2.200000000000000000e+04 1.166562139987945557e-01 1.282026339322328568e-02 1.107094250619411469e-02 4.475347697734832764e-02 2.850705571472644806e-02 1.161934137344360352e-01 1.276856288313865662e-02 1.107784733176231384e-02 4.475347697734832764e-02 2.850705571472644806e-02 1.730359850957059020e+00 1.635874222248711929e+00 1.584663753260608043e+00 1.628342397870546687e+00
2.400000000000000000e+04 2.864802815020084381e-02 4.976592492312192917e-03 2.559741260483860970e-03 7.835416123270988464e-03 4.387451335787773132e-03 2.890528924763202667e-02 4.991761408746242523e-03 2.577375620603561401e-03 7.835416123270988464e-03 4.387451335787773132e-03 1.730703798839944962e+00 1.637420634336365532e+00 1.585135694395927608e+00 1.628098863845850230e+00
2.600000000000000000e+04 4.737128969281911850e-03 2.136833267286419868e-03 6.306059658527374268e-04 9.874267270788550377e-04 6.397589459083974361e-04 4.666904453188180923e-03 2.111969515681266785e-03 6.326565053313970566e-04 9.874267270788550377e-04 6.397589459083974361e-04 1.731855292004820024e+00 1.638534611197108415e+00 1.585532095091800597e+00 1.627717957448512776e+00
2.800000000000000000e+04 1.106585143133997917e-03 2.439425588818266988e-04 1.054645545082166791e-04 8.488566963933408260e-04 1.587513543199747801e-04 1.007156330160796642e-03 2.515025844331830740e-04 1.050727951223962009e-04 8.488566963933408260e-04 1.587513543199747801e-04 1.732515990693290542e+00 1.639101568478843030e+00 1.585949803320617635e+00 1.628117912975002524e+00
3.000000000000000000e+04 3.547472413629293442e-03 3.143382025882601738e-03 3.110144287347793579e-03 1.811734139919281006e-01 3.230958804488182068e-02 3.418530803173780441e-03 3.123192815110087395e-03 3.117790678516030312e-03 1.811734139919281006e-01 3.230958804488182068e-02 1.734134888992094448e+00 1.643142797168449132e+00 1.590189199481117255e+00 1.633613240041427606e+00
3.200000000000000000e+04 3.457080456428229809e-04 2.786288096103817225e-04 1.101156158256344497e-04 3.999566542915999889e-04 2.189691644161939621e-03 3.117864252999424934e-04 2.780267677735537291e-04 1.106720519601367414e-04 3.999566542915999889e-04 2.189691644161939621e-03 1.732719999963451052e+00 1.639109703522684924e+00 1.586164780435302513e+00 1.628724863705338644e+00
3.400000000000000000e+04 1.392165868310257792e-04 1.104286129702813923e-04 1.759336009854450822e-05 2.298972140124533325e-05 3.781637497013434768e-05 1.163160777650773525e-04 1.074241081369109452e-04 1.765290653565898538e-05 2.298972140124533325e-05 3.781637497013434768e-05 1.731967860206119481e+00 1.638298729921717101e+00 1.585317540955132998e+00 1.627506074652177226e+00
3.600000000000000000e+04 1.714427344268187881e-04 1.492340234108269215e-04 5.398875146056525409e-05 2.698526717722415924e-03 1.147870789282023907e-03 1.452305004931986332e-04 1.478006015531718731e-04 5.434785271063446999e-05 2.698526717722415924e-03 1.147870789282023907e-03 1.732738950991886906e+00 1.639249454938002337e+00 1.585989172122469482e+00 1.628067156460747400e+00
3.800000000000000000e+04 9.767205483512952924e-05 8.442025136901065707e-05 2.107520958816166967e-05 6.164215301396325231e-05 1.134095655288547277e-04 8.053897909121587873e-05 8.123875886667519808e-05 2.108256740029901266e-05 6.164215301396325231e-05 1.134095655288547277e-04 1.731743537666691646e+00 1.638052801595797359e+00 1.585221086931497325e+00 1.627453957885059532e+00
4.000000000000000000e+04 6.404130836017429829e-04 2.523868752177804708e-04 2.226677606813609600e-04 1.804559864103794098e-02 1.069732010364532471e-02 5.806227563880383968e-04 2.491926425136625767e-04 2.238767629023641348e-04 1.804559864103794098e-02 1.069732010364532471e-02 1.734066589987884210e+00 1.640490282802471445e+00 1.586432363313545757e+00 1.627887859806717019e+00
4.000000000000000000e+04 6.404130836017429829e-04 2.523868752177804708e-04 2.226677606813609600e-04 1.804559864103794098e-02 1.069732010364532471e-02 5.806227563880383968e-04 2.491926425136625767e-04 2.238767629023641348e-04 1.804559864103794098e-02 1.069732010364532471e-02 1.734066589987884210e+00 1.640490282802471445e+00 1.586432363313545757e+00 1.627887859806717019e+00
4.022100000000000000e+04 1.979505395865999162e-05 1.212078223034041002e-05 2.200631797677488066e-06 2.639147169247735292e-06 5.800716849080345128e-07 1.754397635522764176e-05 1.151694596046581864e-05 2.217955398009507917e-06 2.639147169247735292e-06 5.800716849080345128e-07 1.731909058090131293e+00 1.638293316764222629e+00 1.585364807777587925e+00 1.627551627788183408e+00
